8,0,0,0 8,0,0,0 8,0,0,0 8,0,0,0 8,0,0,0 8,0,0,0 8,0,0,0 8,0,0,0 8,0,0,0 8,0,0,0 8,0,0,0 8,0,0,0 8,0,0,0 8,0,0,0 8,0,0,0 8,0,0,0 6,0,0,0 6,0,0,0 6,0,0,0 8,0,0,0 8,0,0,0 8,0,0,0 8,0,0,0 8,0,0,0 8,0,0,0 8,0,0,0 8,0,0,0 8,0,0,0 8,0,0,0 8,0,0,0 8,0,0,0 8,0,0,0 8,0,0,0 8,0,0,0 8,0,0,0
8,0,0,0 2,0,0,0 2,0,0,0 2,0,0,0 0,0,0,0 4,0,0,0 0,0,0,0 0,0,0,0 0,0,0,0 0,0,0,0 0,0,0,0 0,0,0,0 0,0,0,0 0,0,0,0 0,0,0,0 0,0,0,0 0,0,0,0 0,0,0,0 0,0,0,0 0,0,0,0 0,0,0,0 8,0,0,0 5,0,0,0 5,0,0,0 5,0,0,0 5,0,0,0 5,0,0,0 5,0,0,0 5,0,0,0 5,0,0,0 5,0,0,0 5,0,0,0 5,0,0,0 5,0,0,0 8,0,0,0
8,0,0,0 c,0,0,0 0,0,0,0 0,0,0,0 0,0,0,0 4,0,0,0 0,0,0,0 0,0,0,0 0,0,0,0 0,0,0,0 0,0,0,0 0,0,0,0 0,0,0,0 0,0,0,0 0,0,0,0 0,0,0,0 0,0,0,0 0,0,0,0 0,0,0,0 0,0,0,0 0,0,0,0 8,0,0,0 5,0,0,0 0,5,0,0 0,5,0,0 0,3,0,1 0,3,0,1 0,3,0,1 0,3,0,1 0,2,0,0 0,3,0,1 0,3,0,1 0,3,0,1 5,0,0,0 8,0,0,0
8,0,0,0 a,0,0,0 0,0,0,0 0,0,0,0 0,0,0,0 4,0,0,0 0,0,0,0 0,0,0,0 0,0,0,0 0,0,0,0 0,0,0,0 0,0,0,0 0,0,0,0 0,0,0,0 0,0,0,0 0,0,0,0 0,0,0,0 0,0,0,0 0,0,0,0 0,0,0,0 0,0,0,0 8,0,0,0 5,0,0,0 d,5,0,0 0,5,0,0 0,3,0,1 0,3,0,1 0,3,0,1 0,3,0,1 0,3,0,1 0,3,0,1 0,3,0,1 0,3,0,1 5,0,0,0 8,0,0,0
8,0,0,0 c,0,0,0 0,0,0,0 0,0,0,0 0,0,0,0 4,0,0,0 0,0,0,0 0,0,0,0 0,0,0,0 0,0,0,0 0,0,0,0 0,0,0,0 0,0,0,0 0,0,0,0 0,0,0,0 0,0,0,0 0,0,0,0 0,0,0,0 0,0,0,0 0,0,0,0 0,0,0,0 8,0,0,0 5,0,0,0 0,5,0,0 0,5,0,0 0,3,0,1 0,3,0,1 0,3,0,1 0,3,0,1 0,3,0,1 0,3,0,1 0,2,0,0 0,3,0,1 5,0,0,0 8,0,0,0
8,0,0,0 4,0,0,0 4,0,0,0 4,0,0,0 0,0,0,0 4,0,0,0 0,0,0,0 0,0,0,0 0,0,0,0 0,0,0,0 0,0,0,0 0,0,0,0 0,0,0,0 0,0,0,0 0,0,0,0 0,0,0,0 0,0,0,0 0,0,0,0 0,0,0,0 0,0,0,0 0,0,0,0 8,0,0,0 5,0,0,0 5,0,0,0 5,0,0,0 5,0,0,0 5,0,0,0 5,0,0,0 5,0,0,0 5,0,0,0 5,0,0,0 0,3,0,1 0,3,0,1 5,0,0,0 8,0,0,0
8,0,0,0 0,0,0,0 0,0,0,0 0,0,0,0 0,0,0,0 0,0,0,0 0,0,0,0 0,0,0,0 0,0,0,0 0,0,0,0 0,0,0,0 0,0,0,0 0,0,0,0 0,0,0,0 0,0,0,0 0,0,0,0 0,0,0,0 0,0,0,0 0,0,0,0 0,0,0,0 0,0,0,0 8,0,0,0 8,0,0,0 8,0,0,0 8,0,0,0 8,0,0,0 8,0,0,0 8,0,0,0 8,0,0,0 8,0,0,0 5,0,0,0 0,3,0,1 0,3,0,1 0,2,0,0 5,0,0,0
8,0,0,0 0,0,0,0 0,0,0,0 0,0,0,0 0,0,0,0 0,0,0,0 0,0,0,0 0,0,0,0 0,0,0,0 0,0,0,0 0,0,0,0 0,0,0,0 0,0,0,0 0,0,0,0 0,0,0,0 0,0,0,0 0,0,0,0 0,0,0,0 0,0,0,0 0,0,0,0 0,0,0,0 0,0,0,0 0,0,0,0 0,0,0,0 0,0,0,0 0,0,0,0 0,0,0,0 0,0,0,0 0,0,0,0 8,0,0,0 5,0,0,0 0,3,0,1 0,2,0,0 0,2,0,0 5,0,0,0
8,0,0,0 0,0,0,0 0,0,0,0 0,0,0,0 0,0,0,0 0,0,0,0 0,0,0,0 0,0,0,0 0,0,0,0 0,0,0,0 8,0,0,0 8,0,0,0 8,0,0,0 8,0,0,0 8,0,0,0 8,0,0,0 8,0,0,0 8,0,0,0 8,0,0,0 8,0,0,0 8,0,0,0 8,0,0,0 8,0,0,0 8,0,0,0 8,0,0,0 0,0,0,0 0,0,0,0 0,0,0,0 0,0,0,0 8,0,0,0 5,0,0,0 0,3,0,1 0,3,0,1 5,0,0,0 8,0,0,0
8,0,0,0 0,0,0,0 0,0,0,0 0,0,0,0 0,0,0,0 0,0,0,0 0,0,0,0 0,0,0,0 0,0,0,0 0,0,0,0 8,0,0,0 8,1,0,0 8,1,0,0 0,1,0,0 0,1,0,0 0,1,0,0 0,1,0,0 0,1,0,0 0,1,0,0 0,1,0,0 0,1,0,0 0,1,0,0 0,1,0,0 0,1,0,0 8,0,0,0 0,0,0,0 0,0,0,0 0,0,0,0 0,0,0,0 8,0,0,0 5,0,0,0 0,3,0,1 0,3,0,1 5,0,0,0 8,0,0,0
8,0,0,0 0,0,0,0 0,0,0,0 0,0,0,0 0,0,0,0 0,0,0,0 0,0,0,0 0,0,0,0 0,0,0,0 0,0,0,0 8,0,0,0 0,1,0,0 0,1,0,0 0,1,0,0 0,1,0,0 0,1,0,0 0,1,0,0 0,1,0,0 0,1,0,0 0,1,0,0 0,1,0,0 0,1,0,0 0,1,0,0 0,1,0,0 8,0,0,0 0,0,0,0 0,0,0,0 0,0,0,0 0,0,0,0 8,0,0,0 5,0,0,0 0,3,0,1 0,3,0,1 5,0,0,0 8,0,0,0
8,0,0,0 0,0,0,0 0,0,0,0 0,0,0,0 0,0,0,0 0,0,0,0 0,0,0,0 0,0,0,0 0,0,0,0 0,0,0,0 8,0,0,0 0,1,0,0 0,1,0,0 0,1,0,0 0,1,0,0 0,1,0,0 0,1,0,0 0,1,0,0 0,1,0,0 0,1,0,0 0,1,0,0 0,1,0,0 0,1,0,0 0,1,0,0 8,0,0,0 0,0,0,0 0,0,0,0 0,0,0,0 0,0,0,0 8,0,0,0 5,0,0,0 0,3,0,1 0,3,0,1 5,0,0,0 8,0,0,0
8,0,0,0 0,0,0,0 0,0,0,0 0,0,0,0 0,0,0,0 0,0,0,0 0,0,0,0 0,0,0,0 0,0,0,0 0,0,0,0 8,0,0,0 0,1,0,0 0,1,0,0 0,1,0,0 0,1,0,0 0,1,0,0 0,1,0,0 0,1,0,0 0,1,0,0 0,1,0,0 0,1,0,0 0,1,0,0 0,1,0,0 0,1,0,0 8,0,0,0 0,0,0,0 0,0,0,0 0,0,0,0 0,0,0,0 8,0,0,0 5,0,0,0 0,2,0,0 0,3,0,1 5,0,0,0 8,0,0,0
8,0,0,0 0,0,0,0 0,0,0,0 0,0,0,0 0,0,0,0 0,0,0,0 0,0,0,0 0,0,0,0 0,0,0,0 0,0,0,0 8,0,0,0 0,1,0,0 0,1,0,0 0,1,0,0 0,1,0,0 0,1,0,0 0,1,0,0 0,1,0,0 0,1,0,0 0,1,0,0 0,1,0,0 0,1,0,0 0,1,0,0 0,1,0,0 8,0,0,0 0,0,0,0 0,0,0,0 0,0,0,0 0,0,0,0 8,0,0,0 5,0,0,0 0,2,0,0 0,3,0,1 5,0,0,0 8,0,0,0
8,0,0,0 0,0,0,0 0,0,0,0 0,0,0,0 0,0,0,0 0,0,0,0 0,0,0,0 0,0,0,0 0,0,0,0 0,0,0,0 8,0,0,0 8,0,0,0 8,0,0,0 8,0,0,0 8,0,0,0 8,0,0,0 8,0,0,0 8,0,0,0 8,0,0,0 8,0,0,0 8,0,0,0 8,0,0,0 0,4,0,0 0,4,0,0 8,0,0,0 0,0,0,0 0,0,0,0 0,0,0,0 0,0,0,0 8,0,0,0 5,0,0,0 0,3,0,1 0,3,0,1 5,0,0,0 8,0,0,0
8,0,0,0 0,0,0,0 0,0,0,0 0,0,0,0 0,0,0,0 0,0,0,0 0,0,0,0 0,0,0,0 0,0,0,0 0,0,0,0 8,0,0,0 a,5,0,0 0,5,0,0 c,5,0,0 0,5,0,0 0,5,0,0 a,5,0,0 0,5,0,0 0,5,0,0 0,5,0,0 0,5,0,0 0,5,0,0 0,5,0,0 0,5,0,0 8,0,0,0 0,0,0,0 0,0,0,0 0,0,0,0 0,0,0,0 8,0,0,0 5,0,0,0 0,3,0,1 0,3,0,1 5,0,0,0 8,0,0,0
8,0,0,0 0,0,0,0 0,0,0,0 0,0,0,0 0,0,0,0 0,0,0,0 0,0,0,0 0,0,0,0 0,0,0,0 0,0,0,0 8,0,0,0 0,5,0,0 0,5,0,0 0,5,0,0 0,5,0,0 0,5,0,0 0,5,0,0 0,5,0,0 0,5,0,0 0,5,0,0 0,5,0,0 0,5,0,0 0,5,0,0 0,5,0,0 8,0,0,0 0,0,0,0 0,0,0,0 0,0,0,0 0,0,0,0 8,0,0,0 5,0,0,0 0,3,0,1 0,2,0,0 5,0,0,0 8,0,0,0
8,0,0,0 0,0,0,0 0,0,0,0 0,0,0,0 0,0,0,0 0,0,0,0 0,0,0,0 0,0,0,0 0,0,0,0 0,0,0,0 8,0,0,0 0,5,0,0 0,5,0,0 0,5,0,0 0,5,0,0 0,5,0,0 0,5,0,0 0,5,0,0 0,5,0,0 0,5,0,0 0,5,0,0 0,5,0,0 0,5,0,0 0,5,0,0 8,0,0,0 0,0,0,0 0,0,0,0 0,0,0,0 0,0,0,0 8,0,0,0 5,0,0,0 0,3,0,1 0,3,0,1 5,0,0,0 8,0,0,0
8,0,0,0 0,0,0,0 0,0,0,0 0,0,0,0 0,0,0,0 0,0,0,0 0,0,0,0 0,0,0,0 0,0,0,0 0,0,0,0 8,0,0,0 0,5,0,0 0,5,0,0 0,5,0,0 0,5,0,0 0,5,0,0 0,5,0,0 0,5,0,0 0,5,0,0 0,5,0,0 0,5,0,0 0,5,0,0 0,5,0,0 0,5,0,0 8,0,0,0 0,0,0,0 0,0,0,0 0,0,0,0 0,0,0,0 8,0,0,0 5,0,0,0 0,3,0,1 0,3,0,1 5,0,0,0 8,0,0,0
8,0,0,0 0,0,0,0 0,0,0,0 0,0,0,0 0,0,0,0 0,0,0,0 0,0,0,0 0,0,0,0 0,0,0,0 0,0,0,0 8,0,0,0 c,5,0,0 0,5,0,0 0,5,0,0 0,5,0,0 0,5,0,0 0,5,0,0 0,5,0,0 0,5,0,0 0,5,0,0 0,5,0,0 0,5,0,0 0,5,0,0 0,5,0,0 8,0,0,0 0,0,0,0 0,0,0,0 0,0,0,0 0,0,0,0 8,0,0,0 5,0,0,0 0,3,0,1 0,3,0,1 5,0,0,0 8,0,0,0
8,0,0,0 0,0,0,0 0,0,0,0 0,0,0,0 0,0,0,0 0,0,0,0 0,0,0,0 0,0,0,0 0,0,0,0 0,0,0,0 8,0,0,0 0,5,0,0 a,5,0,0 0,5,0,0 0,5,0,0 0,5,0,0 0,5,0,0 0,5,0,0 0,5,0,0 0,5,0,0 0,5,0,0 0,5,0,0 0,5,0,0 0,5,0,0 8,0,0,0 0,0,0,0 0,0,0,0 0,0,0,0 0,0,0,0 8,0,0,0 5,0,0,0 0,3,0,1 0,3,0,1 5,0,0,0 8,0,0,0
8,0,0,0 0,0,0,0 0,0,0,0 0,0,0,0 0,0,0,0 0,0,0,0 0,0,0,0 0,0,0,0 0,0,0,0 0,0,0,0 8,0,0,0 0,5,0,0 0,5,0,0 0,5,0,0 0,5,0,0 0,5,0,0 0,5,0,0 0,5,0,0 0,5,0,0 0,5,0,0 0,5,0,0 0,5,0,0 0,5,0,0 0,5,0,0 8,0,0,0 0,0,0,0 0,0,0,0 0,0,0,0 0,0,0,0 8,0,0,0 5,0,0,0 0,3,0,1 0,2,0,0 5,0,0,0 8,0,0,0
8,0,0,0 0,0,0,0 0,0,0,0 0,0,0,0 0,0,0,0 0,0,0,0 0,0,0,0 0,0,0,0 0,0,0,0 0,0,0,0 8,0,0,0 0,5,0,0 0,5,0,0 0,5,0,0 0,5,0,0 0,5,0,0 0,5,0,0 0,5,0,0 0,5,0,0 0,5,0,0 0,5,0,0 0,5,0,0 0,5,0,0 0,5,0,0 8,0,0,0 0,0,0,0 0,0,0,0 0,0,0,0 0,0,0,0 8,0,0,0 5,0,0,0 0,3,0,1 0,3,0,1 5,0,0,0 8,0,0,0
8,0,0,0 0,0,0,0 0,0,0,0 0,0,0,0 0,0,0,0 0,0,0,0 0,0,0,0 0,0,0,0 0,0,0,0 0,0,0,0 8,0,0,0 0,5,0,0 0,5,0,0 0,5,0,0 0,5,0,0 0,5,0,0 0,5,0,0 0,5,0,0 0,5,0,0 0,5,0,0 0,5,0,0 0,5,0,0 0,5,0,0 0,5,0,0 8,0,0,0 0,0,0,0 0,0,0,0 0,0,0,0 0,0,0,0 8,0,0,0 5,0,0,0 0,3,0,1 0,3,0,1 5,0,0,0 8,0,0,0
8,0,0,0 0,0,0,0 0,0,0,0 0,0,0,0 0,0,0,0 0,0,0,0 0,0,0,0 0,0,0,0 0,0,0,0 0,0,0,0 8,0,0,0 8,0,0,0 8,0,0,0 8,0,0,0 8,0,0,0 8,0,0,0 0,5,0,0 0,5,0,0 0,5,0,0 8,0,0,0 8,0,0,0 8,0,0,0 8,0,0,0 8,0,0,0 8,0,0,0 0,0,0,0 0,0,0,0 0,0,0,0 0,0,0,0 8,0,0,0 5,0,0,0 0,3,0,1 0,3,0,1 0,3,0,1 5,0,0,0
8,0,0,0 0,0,0,0 0,0,0,0 0,0,0,0 0,0,0,0 0,0,0,0 0,0,0,0 0,0,0,0 0,0,0,0 0,0,0,0 0,0,0,0 0,0,0,0 0,0,0,0 0,0,0,0 0,0,0,0 8,0,0,0 0,5,0,0 0,5,0,0 0,5,0,0 8,0,0,0 0,0,0,0 0,0,0,0 0,0,0,0 0,0,0,0 0,0,0,0 0,0,0,0 0,0,0,0 0,0,0,0 0,0,0,0 8,0,0,0 5,0,0,0 0,2,0,0 0,3,0,1 0,3,0,1 5,0,0,0
8,0,0,0 0,0,0,0 0,0,0,0 0,0,0,0 0,0,0,0 0,0,0,0 0,0,0,0 0,0,0,0 0,0,0,0 0,0,0,0 0,0,0,0 0,0,0,0 0,0,0,0 0,0,0,0 0,0,0,0 8,0,0,0 0,0,0,0 0,0,0,0 0,0,0,0 8,0,0,0 0,0,0,0 0,0,0,0 0,0,0,0 0,0,0,0 0,0,0,0 0,0,0,0 0,0,0,0 0,0,0,0 0,0,0,0 8,0,0,0 5,0,0,0 0,3,0,1 0,3,0,1 5,0,0,0 8,0,0,0
8,0,0,0 0,0,0,0 0,0,0,0 0,0,0,0 0,0,0,0 0,0,0,0 0,0,0,0 0,0,0,0 0,0,0,0 0,0,0,0 0,0,0,0 0,0,0,0 0,0,0,0 0,0,0,0 0,0,0,0 8,0,0,0 0,0,0,0 0,0,0,0 0,0,0,0 8,0,0,0 0,0,0,0 0,0,0,0 0,0,0,0 0,0,0,0 0,0,0,0 0,0,0,0 0,0,0,0 0,0,0,0 0,0,0,0 8,0,0,0 5,0,0,0 0,3,0,1 0,3,0,1 5,0,0,0 8,0,0,0
8,0,0,0 0,0,0,0 0,0,0,0 0,0,0,0 a,0,0,0 0,0,0,0 0,0,0,0 0,0,0,0 0,0,0,0 0,0,0,0 0,0,0,0 0,0,0,0 0,0,0,0 0,0,0,0 0,0,0,0 8,0,0,0 0,0,0,0 0,0,0,0 e,0,0,0 8,0,0,0 0,0,0,0 0,0,0,0 0,0,0,0 0,0,0,0 0,0,0,0 0,0,0,0 0,0,0,0 0,0,0,0 0,0,0,0 8,0,0,0 8,0,0,0 0,3,0,1 0,3,0,1 8,0,0,0 8,0,0,0
8,0,0,0 0,0,0,0 0,0,0,0 a,0,0,0 c,0,0,0 a,0,0,0 0,0,0,0 0,0,0,0 0,0,0,0 0,0,0,0 0,0,0,0 0,0,0,0 0,0,0,0 0,0,0,0 0,0,0,0 0,0,0,0 0,0,0,0 0,0,0,0 0,0,0,0 0,0,0,0 0,0,0,0 0,0,0,0 0,0,0,0 0,0,0,0 0,0,0,0 0,0,0,0 0,0,0,0 0,0,0,0 0,0,0,0 0,0,0,0 0,0,0,0 0,0,0,0 0,0,0,0 0,0,0,0 8,0,0,0
8,0,0,0 0,0,0,0 0,0,0,0 0,0,0,0 a,0,0,0 0,0,0,0 0,0,0,0 0,0,0,0 0,0,0,0 0,0,0,0 0,0,0,0 0,0,0,0 0,0,0,0 0,0,0,0 0,0,0,0 0,0,0,0 0,0,0,0 0,0,0,0 0,0,0,0 0,0,0,0 0,0,0,0 0,0,0,0 0,0,0,0 0,0,0,0 0,0,0,0 0,0,0,0 0,0,0,0 0,0,0,0 0,0,0,0 0,0,0,0 0,0,0,0 0,0,0,0 0,0,0,0 0,0,0,0 8,0,0,0
8,0,0,0 0,0,0,0 0,0,0,0 0,0,0,0 0,0,0,0 0,0,0,0 0,0,0,0 0,0,0,0 0,0,0,0 0,0,0,0 0,0,0,0 0,0,0,0 0,0,0,0 0,0,0,0 0,0,0,0 f,0,0,0 0,0,0,0 z,0,0,0 0,0,0,0 0,0,0,0 0,0,0,0 0,0,0,0 0,0,0,0 0,0,0,0 0,0,0,0 0,0,0,0 0,0,0,0 0,0,0,0 0,0,0,0 0,0,0,0 0,0,0,0 0,0,0,0 0,0,0,0 0,0,0,0 8,0,0,0
8,0,0,0 0,0,0,0 0,0,0,0 0,0,0,0 0,0,0,0 0,0,0,0 0,0,0,0 0,0,0,0 0,0,0,0 0,0,0,0 0,0,0,0 0,0,0,0 0,0,0,0 0,0,0,0 0,0,0,0 0,0,0,0 0,0,0,0 0,0,0,0 0,0,0,0 0,0,0,0 0,0,0,0 0,0,0,0 0,0,0,0 0,0,0,0 0,0,0,0 0,0,0,0 0,0,0,0 0,0,0,0 0,0,0,0 0,0,0,0 0,0,0,0 0,0,0,0 0,0,0,0 0,0,0,0 8,0,0,0
8,0,0,0 0,0,0,0 0,0,0,0 0,0,0,0 0,0,0,0 0,0,0,0 0,0,0,0 0,0,0,0 0,0,0,0 0,0,0,0 0,0,0,0 0,0,0,0 0,0,0,0 0,0,0,0 0,0,0,0 0,0,0,0 0,0,0,0 0,0,0,0 0,0,0,0 0,0,0,0 0,0,0,0 0,0,0,0 0,0,0,0 0,0,0,0 0,0,0,0 0,0,0,0 0,0,0,0 0,0,0,0 0,0,0,0 0,0,0,0 0,0,0,0 0,0,0,0 0,0,0,0 0,0,0,0 8,0,0,0
8,0,0,0 8,0,0,0 8,0,0,0 8,0,0,0 8,0,0,0 8,0,0,0 8,0,0,0 8,0,0,0 8,0,0,0 8,0,0,0 8,0,0,0 8,0,0,0 8,0,0,0 8,0,0,0 8,0,0,0 8,0,0,0 8,0,0,0 8,0,0,0 8,0,0,0 8,0,0,0 8,0,0,0 8,0,0,0 8,0,0,0 8,0,0,0 8,0,0,0 8,0,0,0 8,0,0,0 8,0,0,0 8,0,0,0 8,0,0,0 8,0,0,0 8,0,0,0 8,0,0,0 8,0,0,0 8,0,0,0
-
8,0,0,0 8,0,0,0 8,0,0,0 8,0,0,0 8,0,0,0 8,0,0,0 8,0,0,0 7,0,0,0 7,0,0,0 8,0,0,0 8,0,0,0 8,0,0,0 8,0,0,0 8,0,0,0 8,0,0,0 8,0,0,0 6,0,0,0 6,0,0,0 6,0,0,0 8,0,0,0 8,0,0,0 8,0,0,0 8,0,0,0 8,0,0,0 8,0,0,0 8,0,0,0 7,0,0,0 7,0,0,0 8,0,0,0 8,0,0,0 8,0,0,0 8,0,0,0 8,0,0,0 8,0,0,0 8,0,0,0
8,0,0,0 0,0,0,0 2,0,0,0 2,0,0,0 0,0,0,0 4,0,0,0 0,0,0,0 0,0,0,0 0,0,0,0 0,0,0,0 0,0,0,0 0,0,0,0 0,0,0,0 0,0,0,0 0,0,0,0 0,0,0,0 0,0,0,0 0,0,0,0 0,0,0,0 0,0,0,0 0,0,0,0 8,0,0,0 8,0,0,0 8,0,0,0 8,0,0,0 8,0,0,0 0,0,0,0 0,0,0,0 8,0,0,0 8,0,0,0 8,0,0,0 8,0,0,0 8,0,0,0 8,0,0,0 8,0,0,0
8,0,0,0 0,0,0,0 0,0,0,0 0,0,0,0 0,0,0,0 4,0,0,0 0,0,0,0 0,0,0,0 0,0,0,0 0,0,0,0 0,0,0,0 0,0,0,0 0,0,0,0 0,0,0,0 0,0,0,0 0,0,0,0 0,0,0,0 0,0,0,0 0,0,0,0 0,0,0,0 0,0,0,0 8,0,0,0 8,0,0,0 0,0,0,0 0,0,0,0 0,0,0,0 0,0,0,0 0,0,0,0 0,0,0,0 0,0,0,0 0,0,0,0 0,0,0,0 0,0,0,0 8,0,0,0 8,0,0,0
8,0,0,0 0,0,0,0 0,0,0,0 0,0,0,0 0,0,0,0 4,0,0,0 0,0,0,0 0,0,0,0 0,0,0,0 0,0,0,0 0,0,0,0 0,0,0,0 0,0,0,0 0,0,0,0 0,0,0,0 0,0,0,0 0,0,0,0 0,0,0,0 0,0,0,0 0,0,0,0 0,0,0,0 8,0,0,0 8,0,0,0 0,0,0,0 0,0,0,0 0,0,0,0 0,0,0,0 0,0,0,0 0,0,0,0 0,0,0,0 0,0,0,0 0,0,0,0 0,0,0,0 8,0,0,0 8,0,0,0
8,0,0,0 0,0,0,0 0,0,0,0 0,0,0,0 0,0,0,0 4,0,0,0 0,0,0,0 0,0,0,0 0,0,0,0 0,0,0,0 0,0,0,0 0,0,0,0 0,0,0,0 0,0,0,0 0,0,0,0 0,0,0,0 0,0,0,0 0,0,0,0 0,0,0,0 0,0,0,0 0,0,0,0 8,0,0,0 8,0,0,0 0,0,0,0 0,0,0,0 0,0,0,0 0,0,0,0 0,0,0,0 0,0,0,0 0,0,0,0 0,0,0,0 0,0,0,0 0,0,0,0 8,0,0,0 8,0,0,0
8,0,0,0 4,0,0,0 4,0,0,0 4,0,0,0 0,0,0,0 4,0,0,0 0,0,0,0 0,0,0,0 0,0,0,0 0,0,0,0 0,0,0,0 0,0,0,0 0,0,0,0 0,0,0,0 0,0,0,0 0,0,0,0 0,0,0,0 0,0,0,0 0,0,0,0 0,0,0,0 0,0,0,0 8,0,0,0 8,0,0,0 8,0,0,0 8,0,0,0 8,0,0,0 8,0,0,0 8,0,0,0 8,0,0,0 8,0,0,0 8,0,0,0 0,0,0,0 0,0,0,0 8,0,0,0 8,0,0,0
7,0,0,0 0,0,0,0 0,0,0,0 0,0,0,0 0,0,0,0 0,0,0,0 0,0,0,0 0,0,0,0 0,0,0,0 0,0,0,0 0,0,0,0 0,0,0,0 0,0,0,0 0,0,0,0 0,0,0,0 0,0,0,0 0,0,0,0 0,0,0,0 0,0,0,0 0,0,0,0 0,0,0,0 8,0,0,0 8,0,0,0 8,0,0,0 8,0,0,0 8,0,0,0 8,0,0,0 8,0,0,0 8,0,0,0 8,0,0,0 8,0,0,0 0,0,0,0 0,0,0,0 0,0,0,0 7,0,0,0
7,0,0,0 0,0,0,0 0,0,0,0 0,0,0,0 0,0,0,0 0,0,0,0 0,0,0,0 0,0,0,0 0,0,0,0 0,0,0,0 0,0,0,0 0,0,0,0 0,0,0,0 0,0,0,0 0,0,0,0 0,0,0,0 0,0,0,0 0,0,0,0 0,0,0,0 0,0,0,0 0,0,0,0 0,0,0,0 0,0,0,0 0,0,0,0 0,0,0,0 0,0,0,0 0,0,0,0 0,0,0,0 0,0,0,0 8,0,0,0 8,0,0,0 0,0,0,0 0,0,0,0 0,0,0,0 7,0,0,0
8,0,0,0 0,0,0,0 0,0,0,0 0,0,0,0 0,0,0,0 0,0,0,0 0,0,0,0 0,0,0,0 0,0,0,0 0,0,0,0 8,0,0,0 8,0,0,0 8,0,0,0 7,0,0,0 8,0,0,0 8,0,0,0 8,0,0,0 8,0,0,0 8,0,0,0 8,0,0,0 8,0,0,0 8,0,0,0 7,0,0,0 8,0,0,0 8,0,0,0 0,0,0,0 0,0,0,0 0,0,0,0 0,0,0,0 8,0,0,0 8,0,0,0 0,0,0,0 0,0,0,0 8,0,0,0 8,0,0,0
8,0,0,0 0,0,0,0 0,0,0,0 0,0,0,0 0,0,0,0 0,0,0,0 0,0,0,0 0,0,0,0 0,0,0,0 0,0,0,0 8,0,0,0 8,0,0,0 0,0,0,0 0,0,0,0 0,0,0,0 0,0,0,0 0,0,0,0 0,0,0,0 0,0,0,0 0,0,0,0 0,0,0,0 0,0,0,0 0,0,0,0 0,0,0,0 8,0,0,0 0,0,0,0 0,0,0,0 0,0,0,0 0,0,0,0 8,0,0,0 8,0,0,0 0,0,0,0 0,0,0,0 8,0,0,0 8,0,0,0
8,0,0,0 0,0,0,0 0,0,0,0 0,0,0,0 0,0,0,0 0,0,0,0 0,0,0,0 0,0,0,0 0,0,0,0 0,0,0,0 8,0,0,0 0,0,0,0 0,0,0,0 0,0,0,0 0,0,0,0 0,0,0,0 0,0,0,0 0,0,0,0 0,0,0,0 0,0,0,0 0,0,0,0 0,0,0,0 0,0,0,0 0,0,0,0 8,0,0,0 0,0,0,0 0,0,0,0 0,0,0,0 0,0,0,0 8,0,0,0 8,0,0,0 0,0,0,0 0,0,0,0 8,0,0,0 8,0,0,0
8,0,0,0 0,0,0,0 0,0,0,0 0,0,0,0 0,0,0,0 0,0,0,0 0,0,0,0 0,0,0,0 0,0,0,0 0,0,0,0 8,0,0,0 0,0,0,0 0,0,0,0 0,0,0,0 0,0,0,0 0,0,0,0 0,0,0,0 0,0,0,0 0,0,0,0 0,0,0,0 0,0,0,0 0,0,0,0 0,0,0,0 0,0,0,0 8,0,0,0 0,0,0,0 0,0,0,0 0,0,0,0 0,0,0,0 8,0,0,0 8,0,0,0 0,0,0,0 0,0,0,0 8,0,0,0 8,0,0,0
8,0,0,0 0,0,0,0 0,0,0,0 0,0,0,0 0,0,0,0 0,0,0,0 0,0,0,0 0,0,0,0 0,0,0,0 0,0,0,0 8,0,0,0 0,0,0,0 0,0,0,0 0,0,0,0 0,0,0,0 0,0,0,0 0,0,0,0 0,0,0,0 0,0,0,0 0,0,0,0 0,0,0,0 0,0,0,0 0,0,0,0 0,0,0,0 8,0,0,0 0,0,0,0 0,0,0,0 0,0,0,0 0,0,0,0 8,0,0,0 8,0,0,0 0,0,0,0 0,0,0,0 8,0,0,0 8,0,0,0
8,0,0,0 0,0,0,0 0,0,0,0 0,0,0,0 0,0,0,0 0,0,0,0 0,0,0,0 0,0,0,0 0,0,0,0 0,0,0,0 8,0,0,0 0,0,0,0 0,0,0,0 0,0,0,0 0,0,0,0 0,0,0,0 0,0,0,0 0,0,0,0 0,0,0,0 0,0,0,0 0,0,0,0 0,0,0,0 0,0,0,0 0,0,0,0 8,0,0,0 0,0,0,0 0,0,0,0 0,0,0,0 0,0,0,0 8,0,0,0 8,0,0,0 0,0,0,0 0,0,0,0 8,0,0,0 8,0,0,0
8,0,0,0 0,0,0,0 0,0,0,0 0,0,0,0 0,0,0,0 0,0,0,0 0,0,0,0 0,0,0,0 0,0,0,0 0,0,0,0 8,0,0,0 8,0,0,0 8,0,0,0 8,0,0,0 8,0,0,0 8,0,0,0 8,0,0,0 8,0,0,0 8,0,0,0 8,0,0,0 8,0,0,0 0,0,0,0 0,0,0,0 0,0,0,0 8,0,0,0 0,0,0,0 0,0,0,0 0,0,0,0 0,0,0,0 8,0,0,0 8,0,0,0 0,0,0,0 0,0,0,0 8,0,0,0 8,0,0,0
8,0,0,0 0,0,0,0 0,0,0,0 0,0,0,0 0,0,0,0 0,0,0,0 0,0,0,0 0,0,0,0 0,0,0,0 0,0,0,0 8,0,0,0 0,0,0,0 0,0,0,0 0,0,0,0 0,0,0,0 0,0,0,0 0,0,0,0 0,0,0,0 0,0,0,0 0,0,0,0 0,0,0,0 0,0,0,0 0,0,0,0 0,0,0,0 8,0,0,0 0,0,0,0 0,0,0,0 0,0,0,0 0,0,0,0 8,0,0,0 8,0,0,0 0,0,0,0 0,0,0,0 8,0,0,0 8,0,0,0
8,0,0,0 0,0,0,0 0,0,0,0 0,0,0,0 0,0,0,0 0,0,0,0 0,0,0,0 0,0,0,0 0,0,0,0 0,0,0,0 8,0,0,0 0,0,0,0 0,0,0,0 0,0,0,0 0,0,0,0 0,0,0,0 0,0,0,0 0,0,0,0 0,0,0,0 0,0,0,0 0,0,0,0 0,0,0,0 0,0,0,0 0,0,0,0 8,0,0,0 0,0,0,0 0,0,0,0 0,0,0,0 0,0,0,0 8,0,0,0 8,0,0,0 0,0,0,0 0,0,0,0 8,0,0,0 8,0,0,0
8,0,0,0 0,0,0,0 0,0,0,0 0,0,0,0 0,0,0,0 0,0,0,0 0,0,0,0 0,0,0,0 0,0,0,0 0,0,0,0 7,0,0,0 0,0,0,0 0,0,0,0 0,0,0,0 0,0,0,0 0,0,0,0 0,0,0,0 0,0,0,0 0,0,0,0 0,0,0,0 0,0,0,0 0,0,0,0 0,0,0,0 0,0,0,0 7,0,0,0 0,0,0,0 0,0,0,0 0,0,0,0 0,0,0,0 8,0,0,0 8,0,0,0 0,0,0,0 0,0,0,0 8,0,0,0 8,0,0,0
8,0,0,0 0,0,0,0 0,0,0,0 0,0,0,0 0,0,0,0 0,0,0,0 0,0,0,0 0,0,0,0 0,0,0,0 0,0,0,0 8,0,0,0 0,0,0,0 0,0,0,0 0,0,0,0 0,0,0,0 0,0,0,0 0,0,0,0 0,0,0,0 0,0,0,0 0,0,0,0 0,0,0,0 0,0,0,0 0,0,0,0 0,0,0,0 8,0,0,0 0,0,0,0 0,0,0,0 0,0,0,0 0,0,0,0 8,0,0,0 8,0,0,0 0,0,0,0 0,0,0,0 8,0,0,0 8,0,0,0
8,0,0,0 0,0,0,0 0,0,0,0 0,0,0,0 0,0,0,0 0,0,0,0 0,0,0,0 0,0,0,0 0,0,0,0 0,0,0,0 8,0,0,0 0,0,0,0 0,0,0,0 0,0,0,0 0,0,0,0 0,0,0,0 0,0,0,0 0,0,0,0 0,0,0,0 0,0,0,0 0,0,0,0 0,0,0,0 0,0,0,0 0,0,0,0 8,0,0,0 0,0,0,0 0,0,0,0 0,0,0,0 0,0,0,0 8,0,0,0 8,0,0,0 0,0,0,0 0,0,0,0 8,0,0,0 8,0,0,0
8,0,0,0 0,0,0,0 0,0,0,0 0,0,0,0 0,0,0,0 0,0,0,0 0,0,0,0 0,0,0,0 0,0,0,0 0,0,0,0 8,0,0,0 0,0,0,0 0,0,0,0 0,0,0,0 0,0,0,0 0,0,0,0 0,0,0,0 0,0,0,0 0,0,0,0 0,0,0,0 0,0,0,0 0,0,0,0 0,0,0,0 0,0,0,0 8,0,0,0 0,0,0,0 0,0,0,0 0,0,0,0 0,0,0,0 8,0,0,0 8,0,0,0 0,0,0,0 0,0,0,0 8,0,0,0 8,0,0,0
8,0,0,0 0,0,0,0 0,0,0,0 0,0,0,0 0,0,0,0 0,0,0,0 0,0,0,0 0,0,0,0 0,0,0,0 0,0,0,0 8,0,0,0 0,0,0,0 0,0,0,0 0,0,0,0 0,0,0,0 0,0,0,0 0,0,0,0 0,0,0,0 0,0,0,0 0,0,0,0 0,0,0,0 0,0,0,0 0,0,0,0 0,0,0,0 8,0,0,0 0,0,0,0 0,0,0,0 0,0,0,0 0,0,0,0 8,0,0,0 8,0,0,0 0,0,0,0 0,0,0,0 8,0,0,0 8,0,0,0
8,0,0,0 0,0,0,0 0,0,0,0 0,0,0,0 0,0,0,0 0,0,0,0 0,0,0,0 0,0,0,0 0,0,0,0 0,0,0,0 8,0,0,0 0,0,0,0 0,0,0,0 0,0,0,0 0,0,0,0 0,0,0,0 0,0,0,0 0,0,0,0 0,0,0,0 0,0,0,0 0,0,0,0 0,0,0,0 0,0,0,0 0,0,0,0 8,0,0,0 0,0,0,0 0,0,0,0 0,0,0,0 0,0,0,0 8,0,0,0 8,0,0,0 0,0,0,0 0,0,0,0 8,0,0,0 8,0,0,0
8,0,0,0 0,0,0,0 0,0,0,0 0,0,0,0 0,0,0,0 0,0,0,0 0,0,0,0 0,0,0,0 0,0,0,0 0,0,0,0 8,0,0,0 0,0,0,0 0,0,0,0 0,0,0,0 0,0,0,0 0,0,0,0 0,0,0,0 0,0,0,0 0,0,0,0 0,0,0,0 0,0,0,0 0,0,0,0 0,0,0,0 0,0,0,0 8,0,0,0 0,0,0,0 0,0,0,0 0,0,0,0 0,0,0,0 8,0,0,0 8,0,0,0 0,0,0,0 0,0,0,0 8,0,0,0 8,0,0,0
7,0,0,0 0,0,0,0 0,0,0,0 0,0,0,0 0,0,0,0 0,0,0,0 0,0,0,0 0,0,0,0 0,0,0,0 0,0,0,0 8,0,0,0 8,0,0,0 8,0,0,0 8,0,0,0 8,0,0,0 8,0,0,0 0,0,0,0 0,0,0,0 0,0,0,0 8,0,0,0 8,0,0,0 8,0,0,0 8,0,0,0 8,0,0,0 8,0,0,0 0,0,0,0 0,0,0,0 0,0,0,0 0,0,0,0 8,0,0,0 8,0,0,0 0,0,0,0 0,0,0,0 0,0,0,0 7,0,0,0
7,0,0,0 0,0,0,0 0,0,0,0 0,0,0,0 0,0,0,0 0,0,0,0 0,0,0,0 0,0,0,0 0,0,0,0 0,0,0,0 0,0,0,0 0,0,0,0 0,0,0,0 0,0,0,0 0,0,0,0 8,0,0,0 0,0,0,0 0,0,0,0 0,0,0,0 8,0,0,0 0,0,0,0 0,0,0,0 0,0,0,0 0,0,0,0 0,0,0,0 0,0,0,0 0,0,0,0 0,0,0,0 0,0,0,0 8,0,0,0 8,0,0,0 0,0,0,0 0,0,0,0 0,0,0,0 7,0,0,0
8,0,0,0 0,0,0,0 0,0,0,0 0,0,0,0 0,0,0,0 0,0,0,0 0,0,0,0 0,0,0,0 0,0,0,0 0,0,0,0 0,0,0,0 0,0,0,0 0,0,0,0 0,0,0,0 0,0,0,0 8,0,0,0 0,0,0,0 0,0,0,0 0,0,0,0 8,0,0,0 0,0,0,0 0,0,0,0 0,0,0,0 0,0,0,0 0,0,0,0 0,0,0,0 0,0,0,0 0,0,0,0 0,0,0,0 8,0,0,0 8,0,0,0 0,0,0,0 0,0,0,0 8,0,0,0 8,0,0,0
8,0,0,0 0,0,0,0 0,0,0,0 0,0,0,0 0,0,0,0 0,0,0,0 0,0,0,0 0,0,0,0 0,0,0,0 0,0,0,0 0,0,0,0 0,0,0,0 0,0,0,0 0,0,0,0 0,0,0,0 8,0,0,0 0,0,0,0 0,0,0,0 0,0,0,0 8,0,0,0 0,0,0,0 0,0,0,0 0,0,0,0 0,0,0,0 0,0,0,0 0,0,0,0 0,0,0,0 0,0,0,0 0,0,0,0 8,0,0,0 8,0,0,0 0,0,0,0 0,0,0,0 8,0,0,0 8,0,0,0
8,0,0,0 0,0,0,0 0,0,0,0 0,0,0,0 0,0,0,0 0,0,0,0 0,0,0,0 0,0,0,0 0,0,0,0 0,0,0,0 0,0,0,0 0,0,0,0 0,0,0,0 0,0,0,0 0,0,0,0 8,0,0,0 0,0,0,0 0,0,0,0 0,0,0,0 8,0,0,0 0,0,0,0 0,0,0,0 0,0,0,0 0,0,0,0 0,0,0,0 0,0,0,0 0,0,0,0 0,0,0,0 0,0,0,0 8,0,0,0 8,0,0,0 0,0,0,0 0,0,0,0 8,0,0,0 8,0,0,0
8,0,0,0 0,0,0,0 0,0,0,0 0,0,0,0 0,0,0,0 0,0,0,0 0,0,0,0 0,0,0,0 0,0,0,0 0,0,0,0 0,0,0,0 0,0,0,0 0,0,0,0 0,0,0,0 0,0,0,0 0,0,0,0 0,0,0,0 0,0,0,0 0,0,0,0 0,0,0,0 0,0,0,0 0,0,0,0 0,0,0,0 0,0,0,0 0,0,0,0 0,0,0,0 0,0,0,0 0,0,0,0 0,0,0,0 0,0,0,0 0,0,0,0 0,0,0,0 0,0,0,0 0,0,0,0 8,0,0,0
8,0,0,0 0,0,0,0 0,0,0,0 0,0,0,0 0,0,0,0 0,0,0,0 0,0,0,0 0,0,0,0 0,0,0,0 0,0,0,0 0,0,0,0 0,0,0,0 0,0,0,0 0,0,0,0 0,0,0,0 0,0,0,0 0,0,0,0 0,0,0,0 0,0,0,0 0,0,0,0 0,0,0,0 0,0,0,0 0,0,0,0 0,0,0,0 0,0,0,0 0,0,0,0 0,0,0,0 0,0,0,0 0,0,0,0 0,0,0,0 0,0,0,0 0,0,0,0 0,0,0,0 0,0,0,0 8,0,0,0
8,0,0,0 0,0,0,0 0,0,0,0 0,0,0,0 0,0,0,0 0,0,0,0 0,0,0,0 0,0,0,0 0,0,0,0 0,0,0,0 0,0,0,0 0,0,0,0 0,0,0,0 0,0,0,0 0,0,0,0 0,0,0,0 0,0,0,0 0,0,0,0 0,0,0,0 0,0,0,0 0,0,0,0 0,0,0,0 0,0,0,0 0,0,0,0 0,0,0,0 0,0,0,0 0,0,0,0 0,0,0,0 0,0,0,0 0,0,0,0 0,0,0,0 0,0,0,0 0,0,0,0 0,0,0,0 8,0,0,0
8,0,0,0 0,0,0,0 0,0,0,0 0,0,0,0 0,0,0,0 0,0,0,0 0,0,0,0 0,0,0,0 0,0,0,0 0,0,0,0 0,0,0,0 0,0,0,0 0,0,0,0 0,0,0,0 0,0,0,0 0,0,0,0 0,0,0,0 0,0,0,0 0,0,0,0 0,0,0,0 0,0,0,0 0,0,0,0 0,0,0,0 0,0,0,0 0,0,0,0 0,0,0,0 0,0,0,0 0,0,0,0 0,0,0,0 0,0,0,0 0,0,0,0 0,0,0,0 0,0,0,0 0,0,0,0 8,0,0,0
8,0,0,0 0,0,0,0 0,0,0,0 0,0,0,0 0,0,0,0 0,0,0,0 0,0,0,0 0,0,0,0 0,0,0,0 0,0,0,0 0,0,0,0 0,0,0,0 0,0,0,0 0,0,0,0 0,0,0,0 0,0,0,0 0,0,0,0 0,0,0,0 0,0,0,0 0,0,0,0 0,0,0,0 0,0,0,0 0,0,0,0 0,0,0,0 0,0,0,0 0,0,0,0 0,0,0,0 0,0,0,0 0,0,0,0 0,0,0,0 0,0,0,0 0,0,0,0 0,0,0,0 0,0,0,0 8,0,0,0
8,0,0,0 8,0,0,0 8,0,0,0 8,0,0,0 8,0,0,0 8,0,0,0 8,0,0,0 7,0,0,0 7,0,0,0 8,0,0,0 8,0,0,0 8,0,0,0 8,0,0,0 8,0,0,0 8,0,0,0 8,0,0,0 8,0,0,0 8,0,0,0 8,0,0,0 8,0,0,0 8,0,0,0 8,0,0,0 8,0,0,0 8,0,0,0 8,0,0,0 8,0,0,0 7,0,0,0 7,0,0,0 8,0,0,0 8,0,0,0 8,0,0,0 8,0,0,0 8,0,0,0 8,0,0,0 8,0,0,0
-
8,0,0,0 8,0,0,0 8,0,0,0 8,0,0,0 8,0,0,0 8,0,0,0 8,0,0,0 8,0,0,0 8,0,0,0 8,0,0,0 8,0,0,0 8,0,0,0 8,0,0,0 8,0,0,0 8,0,0,0 8,0,0,0 8,0,0,0 8,0,0,0 8,0,0,0 8,0,0,0 8,0,0,0 8,0,0,0 8,0,0,0 8,0,0,0 8,0,0,0 8,0,0,0 8,0,0,0 8,0,0,0 8,0,0,0 8,0,0,0 8,0,0,0 8,0,0,0 8,0,0,0 8,0,0,0 8,0,0,0
8,0,0,0 0,0,0,0 0,0,0,0 2,0,0,0 0,0,0,0 4,0,0,0 0,0,0,0 0,0,0,0 0,0,0,0 0,0,0,0 0,0,0,0 0,0,0,0 0,0,0,0 0,0,0,0 0,0,0,0 0,0,0,0 0,0,0,0 0,0,0,0 0,0,0,0 0,0,0,0 0,0,0,0 8,0,0,0 8,0,0,0 8,0,0,0 8,0,0,0 8,0,0,0 8,0,0,0 8,0,0,0 8,0,0,0 8,0,0,0 8,0,0,0 8,0,0,0 8,0,0,0 8,0,0,0 8,0,0,0
8,0,0,0 0,0,0,0 0,0,0,0 0,0,0,0 0,0,0,0 4,0,0,0 0,0,0,0 0,0,0,0 0,0,0,0 0,0,0,0 0,0,0,0 0,0,0,0 0,0,0,0 0,0,0,0 0,0,0,0 0,0,0,0 0,0,0,0 0,0,0,0 0,0,0,0 0,0,0,0 0,0,0,0 8,0,0,0 0,0,0,0 0,0,0,0 0,0,0,0 0,0,0,0 0,0,0,0 0,0,0,0 0,0,0,0 0,0,0,0 0,0,0,0 0,0,0,0 0,0,0,0 8,0,0,0 8,0,0,0
8,0,0,0 0,0,0,0 0,0,0,0 0,0,0,0 0,0,0,0 4,0,0,0 0,0,0,0 0,0,0,0 0,0,0,0 0,0,0,0 0,0,0,0 0,0,0,0 0,0,0,0 0,0,0,0 0,0,0,0 0,0,0,0 0,0,0,0 0,0,0,0 0,0,0,0 0,0,0,0 0,0,0,0 8,0,0,0 0,0,0,0 0,0,0,0 0,0,0,0 0,0,0,0 0,0,0,0 0,0,0,0 0,0,0,0 0,0,0,0 0,0,0,0 0,0,0,0 0,0,0,0 8,0,0,0 8,0,0,0
8,0,0,0 0,0,0,0 0,0,0,0 0,0,0,0 0,0,0,0 4,0,0,0 0,0,0,0 0,0,0,0 0,0,0,0 0,0,0,0 0,0,0,0 0,0,0,0 0,0,0,0 0,0,0,0 0,0,0,0 0,0,0,0 0,0,0,0 0,0,0,0 0,0,0,0 0,0,0,0 0,0,0,0 8,0,0,0 0,0,0,0 0,0,0,0 0,0,0,0 0,0,0,0 0,0,0,0 0,0,0,0 0,0,0,0 0,0,0,0 0,0,0,0 0,0,0,0 0,0,0,0 8,0,0,0 8,0,0,0
8,0,0,0 4,0,0,0 4,0,0,0 4,0,0,0 0,0,0,0 4,0,0,0 0,0,0,0 0,0,0,0 0,0,0,0 0,0,0,0 0,0,0,0 0,0,0,0 0,0,0,0 0,0,0,0 0,0,0,0 0,0,0,0 0,0,0,0 0,0,0,0 0,0,0,0 0,0,0,0 0,0,0,0 8,0,0,0 0,0,0,0 0,0,0,0 0,0,0,0 0,0,0,0 0,0,0,0 0,0,0,0 0,0,0,0 0,0,0,0 0,0,0,0 0,0,0,0 0,0,0,0 8,0,0,0 8,0,0,0
8,0,0,0 0,0,0,0 0,0,0,0 0,0,0,0 0,0,0,0 0,0,0,0 0,0,0,0 0,0,0,0 0,0,0,0 0,0,0,0 0,0,0,0 0,0,0,0 0,0,0,0 0,0,0,0 0,0,0,0 0,0,0,0 0,0,0,0 0,0,0,0 0,0,0,0 0,0,0,0 0,0,0,0 8,0,0,0 8,0,0,0 8,0,0,0 8,0,0,0 8,0,0,0 8,0,0,0 8,0,0,0 8,0,0,0 8,0,0,0 0,0,0,0 0,0,0,0 0,0,0,0 0,0,0,0 7,0,0,0
8,0,0,0 0,0,0,0 0,0,0,0 0,0,0,0 0,0,0,0 0,0,0,0 0,0,0,0 0,0,0,0 0,0,0,0 0,0,0,0 0,0,0,0 0,0,0,0 0,0,0,0 0,0,0,0 0,0,0,0 0,0,0,0 0,0,0,0 0,0,0,0 0,0,0,0 0,0,0,0 0,0,0,0 0,0,0,0 0,0,0,0 0,0,0,0 0,0,0,0 0,0,0,0 0,0,0,0 0,0,0,0 0,0,0,0 8,0,0,0 0,0,0,0 0,0,0,0 0,0,0,0 0,0,0,0 7,0,0,0
8,0,0,0 0,0,0,0 0,0,0,0 0,0,0,0 0,0,0,0 0,0,0,0 0,0,0,0 0,0,0,0 0,0,0,0 0,0,0,0 8,5,0,0 8,5,0,0 8,5,0,0 8,5,0,0 8,5,0,0 8,5,0,0 8,5,0,0 8,5,0,0 8,5,0,0 8,5,0,0 8,5,0,0 8,5,0,0 8,5,0,0 8,5,0,0 8,5,0,0 0,0,0,0 0,0,0,0 0,0,0,0 0,0,0,0 8,0,0,0 0,0,0,0 0,0,0,0 0,0,0,0 8,0,0,0 8,0,0,0
8,0,0,0 0,0,0,0 0,0,0,0 0,0,0,0 0,0,0,0 0,0,0,0 0,0,0,0 0,0,0,0 0,0,0,0 0,0,0,0 8,5,0,0 0,5,0,0 0,5,0,0 8,5,0,0 8,5,0,0 8,5,0,0 8,5,0,0 8,5,0,0 8,5,0,0 8,5,0,0 8,5,0,0 8,5,0,0 8,5,0,0 8,5,0,0 8,5,0,0 0,0,0,0 0,0,0,0 0,0,0,0 0,0,0,0 8,0,0,0 0,0,0,0 0,0,0,0 0,0,0,0 8,0,0,0 8,0,0,0
8,0,0,0 0,0,0,0 0,0,0,0 0,0,0,0 0,0,0,0 0,0,0,0 0,0,0,0 0,0,0,0 0,0,0,0 0,0,0,0 8,5,0,0 0,5,0,0 0,5,0,0 8,5,0,0 8,5,0,0 8,5,0,0 8,5,0,0 8,5,0,0 8,5,0,0 8,5,0,0 8,5,0,0 8,5,0,0 8,5,0,0 8,5,0,0 8,5,0,0 0,0,0,0 0,0,0,0 0,0,0,0 0,0,0,0 8,0,0,0 0,0,0,0 0,0,0,0 0,0,0,0 8,0,0,0 8,0,0,0
8,0,0,0 0,0,0,0 0,0,0,0 0,0,0,0 0,0,0,0 0,0,0,0 0,0,0,0 0,0,0,0 0,0,0,0 0,0,0,0 8,5,0,0 8,5,0,0 8,5,0,0 8,5,0,0 8,5,0,0 8,5,0,0 8,5,0,0 8,5,0,0 8,5,0,0 8,5,0,0 8,5,0,0 8,5,0,0 8,5,0,0 8,5,0,0 8,5,0,0 0,0,0,0 0,0,0,0 0,0,0,0 0,0,0,0 8,0,0,0 0,0,0,0 0,0,0,0 0,0,0,0 8,0,0,0 8,0,0,0
8,0,0,0 0,0,0,0 0,0,0,0 0,0,0,0 0,0,0,0 0,0,0,0 0,0,0,0 0,0,0,0 0,0,0,0 0,0,0,0 8,5,0,0 8,5,0,0 8,5,0,0 8,5,0,0 8,5,0,0 8,5,0,0 8,5,0,0 8,5,0,0 8,5,0,0 8,5,0,0 8,5,0,0 8,5,0,0 8,5,0,0 8,5,0,0 8,5,0,0 0,0,0,0 0,0,0,0 0,0,0,0 0,0,0,0 7,0,0,0 0,0,0,0 0,0,0,0 0,0,0,0 8,0,0,0 8,0,0,0
8,0,0,0 0,0,0,0 0,0,0,0 0,0,0,0 0,0,0,0 0,0,0,0 0,0,0,0 0,0,0,0 0,0,0,0 0,0,0,0 8,5,0,0 8,5,0,0 8,5,0,0 8,5,0,0 8,5,0,0 8,5,0,0 8,5,0,0 8,5,0,0 8,5,0,0 8,5,0,0 8,5,0,0 8,5,0,0 8,5,0,0 8,5,0,0 8,5,0,0 0,0,0,0 0,0,0,0 0,0,0,0 0,0,0,0 7,0,0,0 0,0,0,0 0,0,0,0 0,0,0,0 8,0,0,0 8,0,0,0
8,0,0,0 0,0,0,0 0,0,0,0 0,0,0,0 0,0,0,0 0,0,0,0 0,0,0,0 0,0,0,0 0,0,0,0 0,0,0,0 8,5,0,0 8,5,0,0 8,5,0,0 8,5,0,0 8,5,0,0 8,5,0,0 8,5,0,0 8,5,0,0 8,5,0,0 8,5,0,0 8,5,0,0 8,5,0,0 8,5,0,0 8,5,0,0 8,5,0,0 0,0,0,0 0,0,0,0 0,0,0,0 0,0,0,0 8,0,0,0 0,0,0,0 0,0,0,0 0,0,0,0 8,0,0,0 8,0,0,0
8,0,0,0 0,0,0,0 0,0,0,0 0,0,0,0 0,0,0,0 0,0,0,0 0,0,0,0 0,0,0,0 0,0,0,0 0,0,0,0 8,5,0,0 8,5,0,0 8,5,0,0 8,5,0,0 8,5,0,0 8,5,0,0 8,5,0,0 8,5,0,0 8,5,0,0 8,5,0,0 8,5,0,0 8,5,0,0 8,5,0,0 8,5,0,0 8,5,0,0 0,0,0,0 0,0,0,0 0,0,0,0 0,0,0,0 8,0,0,0 0,0,0,0 0,0,0,0 0,0,0,0 8,0,0,0 8,0,0,0
8,0,0,0 0,0,0,0 0,0,0,0 0,0,0,0 0,0,0,0 0,0,0,0 0,0,0,0 0,0,0,0 0,0,0,0 0,0,0,0 8,5,0,0 8,5,0,0 8,5,0,0 8,5,0,0 8,5,0,0 8,5,0,0 8,5,0,0 8,5,0,0 8,5,0,0 8,5,0,0 8,5,0,0 8,5,0,0 8,5,0,0 8,5,0,0 8,5,0,0 0,0,0,0 0,0,0,0 0,0,0,0 0,0,0,0 8,0,0,0 0,0,0,0 0,0,0,0 0,0,0,0 8,0,0,0 8,0,0,0
8,0,0,0 0,0,0,0 0,0,0,0 0,0,0,0 0,0,0,0 0,0,0,0 0,0,0,0 0,0,0,0 0,0,0,0 0,0,0,0 8,5,0,0 8,5,0,0 8,5,0,0 8,5,0,0 8,5,0,0 8,5,0,0 8,5,0,0 8,5,0,0 8,5,0,0 8,5,0,0 8,5,0,0 8,5,0,0 8,5,0,0 8,5,0,0 8,5,0,0 0,0,0,0 0,0,0,0 0,0,0,0 0,0,0,0 8,0,0,0 0,0,0,0 0,0,0,0 0,0,0,0 8,0,0,0 8,0,0,0
8,0,0,0 0,0,0,0 0,0,0,0 0,0,0,0 0,0,0,0 0,0,0,0 0,0,0,0 0,0,0,0 0,0,0,0 0,0,0,0 8,5,0,0 8,5,0,0 8,5,0,0 8,5,0,0 8,5,0,0 8,5,0,0 8,5,0,0 8,5,0,0 8,5,0,0 8,5,0,0 8,5,0,0 8,5,0,0 8,5,0,0 8,5,0,0 8,5,0,0 0,0,0,0 0,0,0,0 0,0,0,0 0,0,0,0 8,0,0,0 0,0,0,0 0,0,0,0 0,0,0,0 8,0,0,0 8,0,0,0
8,0,0,0 0,0,0,0 0,0,0,0 0,0,0,0 0,0,0,0 0,0,0,0 0,0,0,0 0,0,0,0 0,0,0,0 0,0,0,0 8,5,0,0 8,5,0,0 8,5,0,0 8,5,0,0 8,5,0,0 8,5,0,0 8,5,0,0 8,5,0,0 8,5,0,0 8,5,0,0 8,5,0,0 8,5,0,0 8,5,0,0 8,5,0,0 8,5,0,0 0,0,0,0 0,0,0,0 0,0,0,0 0,0,0,0 8,0,0,0 0,0,0,0 0,0,0,0 0,0,0,0 8,0,0,0 8,0,0,0
8,0,0,0 0,0,0,0 0,0,0,0 0,0,0,0 0,0,0,0 0,0,0,0 0,0,0,0 0,0,0,0 0,0,0,0 0,0,0,0 8,5,0,0 8,5,0,0 8,5,0,0 8,5,0,0 8,5,0,0 8,5,0,0 8,5,0,0 8,5,0,0 8,5,0,0 8,5,0,0 8,5,0,0 8,5,0,0 8,5,0,0 8,5,0,0 8,5,0,0 0,0,0,0 0,0,0,0 0,0,0,0 0,0,0,0 8,0,0,0 0,0,0,0 0,0,0,0 0,0,0,0 8,0,0,0 8,0,0,0
8,0,0,0 0,0,0,0 0,0,0,0 0,0,0,0 0,0,0,0 0,0,0,0 0,0,0,0 0,0,0,0 0,0,0,0 0,0,0,0 8,5,0,0 8,5,0,0 8,5,0,0 8,5,0,0 8,5,0,0 8,5,0,0 8,5,0,0 8,5,0,0 8,5,0,0 8,5,0,0 8,5,0,0 8,5,0,0 8,5,0,0 8,5,0,0 8,5,0,0 0,0,0,0 0,0,0,0 0,0,0,0 0,0,0,0 8,0,0,0 0,0,0,0 0,0,0,0 0,0,0,0 8,0,0,0 8,0,0,0
8,0,0,0 0,0,0,0 0,0,0,0 0,0,0,0 0,0,0,0 0,0,0,0 0,0,0,0 0,0,0,0 0,0,0,0 0,0,0,0 8,5,0,0 8,5,0,0 8,5,0,0 8,5,0,0 8,5,0,0 8,5,0,0 8,5,0,0 8,5,0,0 8,5,0,0 8,5,0,0 8,5,0,0 8,5,0,0 8,5,0,0 8,5,0,0 8,5,0,0 0,0,0,0 0,0,0,0 0,0,0,0 0,0,0,0 7,0,0,0 0,0,0,0 0,0,0,0 0,0,0,0 8,0,0,0 8,0,0,0
8,0,0,0 0,0,0,0 0,0,0,0 0,0,0,0 0,0,0,0 0,0,0,0 0,0,0,0 0,0,0,0 0,0,0,0 0,0,0,0 8,5,0,0 8,5,0,0 8,5,0,0 8,5,0,0 8,5,0,0 8,5,0,0 8,5,0,0 8,5,0,0 8,5,0,0 8,5,0,0 8,5,0,0 8,5,0,0 8,5,0,0 8,5,0,0 8,5,0,0 0,0,0,0 0,0,0,0 0,0,0,0 0,0,0,0 7,0,0,0 0,0,0,0 0,0,0,0 0,0,0,0 8,0,0,0 8,0,0,0
8,0,0,0 0,0,0,0 0,0,0,0 0,0,0,0 0,0,0,0 0,0,0,0 0,0,0,0 0,0,0,0 0,0,0,0 0,0,0,0 8,5,0,0 8,5,0,0 8,5,0,0 8,5,0,0 8,5,0,0 8,5,0,0 8,5,0,0 8,5,0,0 8,5,0,0 8,5,0,0 8,5,0,0 8,5,0,0 8,5,0,0 8,5,0,0 8,5,0,0 0,0,0,0 0,0,0,0 0,0,0,0 0,0,0,0 8,0,0,0 0,0,0,0 0,0,0,0 0,0,0,0 0,0,0,0 7,0,0,0
8,0,0,0 0,0,0,0 0,0,0,0 0,0,0,0 0,0,0,0 0,0,0,0 0,0,0,0 0,0,0,0 0,0,0,0 0,0,0,0 0,0,0,0 0,0,0,0 0,0,0,0 0,0,0,0 0,0,0,0 8,0,0,0 8,0,0,0 8,0,0,0 8,0,0,0 8,0,0,0 0,0,0,0 0,0,0,0 0,0,0,0 0,0,0,0 0,0,0,0 0,0,0,0 0,0,0,0 0,0,0,0 0,0,0,0 8,0,0,0 0,0,0,0 0,0,0,0 0,0,0,0 0,0,0,0 7,0,0,0
8,0,0,0 0,0,0,0 0,0,0,0 0,0,0,0 0,0,0,0 0,0,0,0 0,0,0,0 0,0,0,0 0,0,0,0 0,0,0,0 0,0,0,0 0,0,0,0 0,0,0,0 0,0,0,0 0,0,0,0 8,0,0,0 8,0,0,0 8,0,0,0 8,0,0,0 8,0,0,0 0,0,0,0 0,0,0,0 0,0,0,0 0,0,0,0 0,0,0,0 0,0,0,0 0,0,0,0 0,0,0,0 0,0,0,0 8,0,0,0 0,0,0,0 8,0,0,0 8,0,0,0 8,0,0,0 8,0,0,0
8,0,0,0 0,0,0,0 0,0,0,0 0,0,0,0 0,0,0,0 0,0,0,0 0,0,0,0 0,0,0,0 0,0,0,0 0,0,0,0 0,0,0,0 0,0,0,0 0,0,0,0 0,0,0,0 0,0,0,0 8,0,0,0 8,0,0,0 8,0,0,0 8,0,0,0 8,0,0,0 0,0,0,0 0,0,0,0 0,0,0,0 0,0,0,0 0,0,0,0 0,0,0,0 0,0,0,0 0,0,0,0 0,0,0,0 8,0,0,0 0,0,0,0 8,0,0,0 8,0,0,0 8,0,0,0 8,0,0,0
8,0,0,0 0,0,0,0 0,0,0,0 0,0,0,0 0,0,0,0 0,0,0,0 0,0,0,0 0,0,0,0 0,0,0,0 0,0,0,0 0,0,0,0 0,0,0,0 0,0,0,0 0,0,0,0 0,0,0,0 8,0,0,0 0,0,0,0 0,0,0,0 0,0,0,0 8,0,0,0 0,0,0,0 0,0,0,0 0,0,0,0 0,0,0,0 0,0,0,0 0,0,0,0 0,0,0,0 0,0,0,0 0,0,0,0 8,0,0,0 8,0,0,0 8,0,0,0 8,0,0,0 8,0,0,0 8,0,0,0
8,0,0,0 0,0,0,0 0,0,0,0 0,0,0,0 0,0,0,0 0,0,0,0 0,0,0,0 0,0,0,0 0,0,0,0 0,0,0,0 0,0,0,0 0,0,0,0 0,0,0,0 0,0,0,0 0,0,0,0 0,0,0,0 0,0,0,0 0,0,0,0 0,0,0,0 0,0,0,0 0,0,0,0 0,0,0,0 0,0,0,0 0,0,0,0 0,0,0,0 0,0,0,0 0,0,0,0 0,0,0,0 0,0,0,0 0,0,0,0 0,0,0,0 0,0,0,0 0,0,0,0 0,0,0,0 8,0,0,0
8,0,0,0 0,0,0,0 0,0,0,0 0,0,0,0 0,0,0,0 0,0,0,0 0,0,0,0 0,0,0,0 0,0,0,0 0,0,0,0 0,0,0,0 0,0,0,0 0,0,0,0 0,0,0,0 0,0,0,0 0,0,0,0 0,0,0,0 0,0,0,0 0,0,0,0 0,0,0,0 0,0,0,0 0,0,0,0 0,0,0,0 0,0,0,0 0,0,0,0 0,0,0,0 0,0,0,0 0,0,0,0 0,0,0,0 0,0,0,0 0,0,0,0 0,0,0,0 0,0,0,0 0,0,0,0 8,0,0,0
8,0,0,0 0,0,0,0 0,0,0,0 0,0,0,0 0,0,0,0 0,0,0,0 0,0,0,0 0,0,0,0 0,0,0,0 0,0,0,0 0,0,0,0 0,0,0,0 0,0,0,0 0,0,0,0 0,0,0,0 0,0,0,0 0,0,0,0 0,0,0,0 0,0,0,0 0,0,0,0 0,0,0,0 0,0,0,0 0,0,0,0 0,0,0,0 0,0,0,0 0,0,0,0 0,0,0,0 0,0,0,0 0,0,0,0 0,0,0,0 0,0,0,0 0,0,0,0 0,0,0,0 0,0,0,0 8,0,0,0
8,0,0,0 0,0,0,0 0,0,0,0 0,0,0,0 0,0,0,0 0,0,0,0 0,0,0,0 0,0,0,0 0,0,0,0 0,0,0,0 0,0,0,0 0,0,0,0 0,0,0,0 0,0,0,0 0,0,0,0 0,0,0,0 0,0,0,0 0,0,0,0 0,0,0,0 0,0,0,0 0,0,0,0 0,0,0,0 0,0,0,0 0,0,0,0 0,0,0,0 0,0,0,0 0,0,0,0 0,0,0,0 0,0,0,0 0,0,0,0 0,0,0,0 0,0,0,0 0,0,0,0 0,0,0,0 8,0,0,0
8,0,0,0 0,0,0,0 0,0,0,0 0,0,0,0 0,0,0,0 0,0,0,0 0,0,0,0 0,0,0,0 0,0,0,0 0,0,0,0 0,0,0,0 0,0,0,0 0,0,0,0 0,0,0,0 0,0,0,0 0,0,0,0 0,0,0,0 0,0,0,0 0,0,0,0 0,0,0,0 0,0,0,0 0,0,0,0 0,0,0,0 0,0,0,0 0,0,0,0 0,0,0,0 0,0,0,0 0,0,0,0 0,0,0,0 0,0,0,0 0,0,0,0 0,0,0,0 0,0,0,0 0,0,0,0 8,0,0,0
8,0,0,0 8,0,0,0 8,0,0,0 8,0,0,0 8,0,0,0 8,0,0,0 8,0,0,0 8,0,0,0 8,0,0,0 8,0,0,0 8,0,0,0 8,0,0,0 8,0,0,0 8,0,0,0 8,0,0,0 8,0,0,0 8,0,0,0 8,0,0,0 8,0,0,0 8,0,0,0 8,0,0,0 8,0,0,0 8,0,0,0 8,0,0,0 8,0,0,0 8,0,0,0 8,0,0,0 8,0,0,0 8,0,0,0 8,0,0,0 8,0,0,0 8,0,0,0 8,0,0,0 8,0,0,0 8,0,0,0
-
8,0,0,0 8,0,0,0 8,0,0,0 8,0,0,0 8,0,0,0 8,0,0,0 8,0,0,0 8,0,0,0 8,0,0,0 8,0,0,0 8,0,0,0 8,0,0,0 8,0,0,0 8,0,0,0 8,0,0,0 8,0,0,0 8,0,0,0 8,0,0,0 8,0,0,0 8,0,0,0 8,0,0,0 8,0,0,0 8,0,0,0 8,0,0,0 8,0,0,0 8,0,0,0 8,0,0,0 8,0,0,0 8,0,0,0 8,0,0,0 8,0,0,0 8,0,0,0 8,0,0,0 8,0,0,0 8,0,0,0
8,0,0,0 0,0,0,0 0,0,0,0 0,0,0,0 4,0,0,0 4,0,0,0 0,0,0,0 0,0,0,0 0,0,0,0 0,0,0,0 0,0,0,0 0,0,0,0 0,0,0,0 0,0,0,0 0,0,0,0 0,0,0,0 0,0,0,0 0,0,0,0 0,0,0,0 0,0,0,0 0,0,0,0 0,0,0,0 0,0,0,0 0,0,0,0 0,0,0,0 0,0,0,0 0,0,0,0 0,0,0,0 0,0,0,0 0,0,0,0 0,0,0,0 0,0,0,0 0,0,0,0 0,0,0,0 8,0,0,0
8,0,0,0 4,0,0,0 4,0,0,0 4,0,0,0 4,0,0,0 4,0,0,0 0,0,0,0 0,0,0,0 0,0,0,0 0,0,0,0 0,0,0,0 0,0,0,0 0,0,0,0 0,0,0,0 0,0,0,0 0,0,0,0 0,0,0,0 0,0,0,0 0,0,0,0 0,0,0,0 0,0,0,0 0,0,0,0 0,0,0,0 0,0,0,0 0,0,0,0 0,0,0,0 0,0,0,0 0,0,0,0 0,0,0,0 0,0,0,0 0,0,0,0 0,0,0,0 0,0,0,0 0,0,0,0 8,0,0,0
8,0,0,0 4,0,0,0 4,0,0,0 4,0,0,0 4,0,0,0 4,0,0,0 0,0,0,0 0,0,0,0 0,0,0,0 0,0,0,0 0,0,0,0 0,0,0,0 0,0,0,0 0,0,0,0 0,0,0,0 0,0,0,0 0,0,0,0 0,0,0,0 0,0,0,0 0,0,0,0 0,0,0,0 0,0,0,0 0,0,0,0 0,0,0,0 0,0,0,0 0,0,0,0 0,0,0,0 0,0,0,0 0,0,0,0 0,0,0,0 0,0,0,0 0,0,0,0 0,0,0,0 0,0,0,0 8,0,0,0
8,0,0,0 4,0,0,0 4,0,0,0 4,0,0,0 4,0,0,0 4,0,0,0 0,0,0,0 0,0,0,0 0,0,0,0 0,0,0,0 0,0,0,0 0,0,0,0 0,0,0,0 0,0,0,0 0,0,0,0 0,0,0,0 0,0,0,0 0,0,0,0 0,0,0,0 0,0,0,0 0,0,0,0 0,0,0,0 0,0,0,0 0,0,0,0 0,0,0,0 0,0,0,0 0,0,0,0 0,0,0,0 0,0,0,0 0,0,0,0 0,0,0,0 0,0,0,0 0,0,0,0 0,0,0,0 8,0,0,0
8,0,0,0 4,0,0,0 4,0,0,0 4,0,0,0 4,0,0,0 4,0,0,0 0,0,0,0 0,0,0,0 0,0,0,0 0,0,0,0 0,0,0,0 0,0,0,0 0,0,0,0 0,0,0,0 0,0,0,0 0,0,0,0 0,0,0,0 0,0,0,0 0,0,0,0 0,0,0,0 0,0,0,0 0,0,0,0 0,0,0,0 0,0,0,0 0,0,0,0 0,0,0,0 0,0,0,0 0,0,0,0 0,0,0,0 0,0,0,0 0,0,0,0 0,0,0,0 0,0,0,0 0,0,0,0 8,0,0,0
8,0,0,0 0,0,0,0 0,0,0,0 0,0,0,0 0,0,0,0 0,0,0,0 0,0,0,0 0,0,0,0 0,0,0,0 0,0,0,0 0,0,0,0 0,0,0,0 0,0,0,0 0,0,0,0 0,0,0,0 0,0,0,0 0,0,0,0 0,0,0,0 0,0,0,0 0,0,0,0 0,0,0,0 0,0,0,0 0,0,0,0 0,0,0,0 0,0,0,0 0,0,0,0 0,0,0,0 0,0,0,0 0,0,0,0 0,0,0,0 0,0,0,0 0,0,0,0 0,0,0,0 0,0,0,0 8,0,0,0
8,0,0,0 0,0,0,0 0,0,0,0 0,0,0,0 0,0,0,0 0,0,0,0 0,0,0,0 0,0,0,0 0,0,0,0 0,0,0,0 0,0,0,0 0,0,0,0 0,0,0,0 0,0,0,0 0,0,0,0 0,0,0,0 0,0,0,0 0,0,0,0 0,0,0,0 0,0,0,0 0,0,0,0 0,0,0,0 0,0,0,0 0,0,0,0 0,0,0,0 0,0,0,0 0,0,0,0 0,0,0,0 0,0,0,0 0,0,0,0 0,0,0,0 0,0,0,0 0,0,0,0 0,0,0,0 8,0,0,0
8,0,0,0 0,0,0,0 0,0,0,0 0,0,0,0 0,0,0,0 0,0,0,0 0,0,0,0 0,0,0,0 0,0,0,0 0,0,0,0 8,1,0,0 8,1,0,0 8,1,0,0 8,1,0,0 8,1,0,0 8,1,0,0 8,1,0,0 8,1,0,0 8,1,0,0 8,1,0,0 8,1,0,0 8,1,0,0 8,1,0,0 8,1,0,0 8,1,0,0 0,0,0,0 0,0,0,0 0,0,0,0 0,0,0,0 0,0,0,0 0,0,0,0 0,0,0,0 0,0,0,0 0,0,0,0 8,0,0,0
8,0,0,0 0,0,0,0 0,0,0,0 0,0,0,0 0,0,0,0 0,0,0,0 0,0,0,0 0,0,0,0 0,0,0,0 0,0,0,0 8,1,0,0 0,1,0,0 0,1,0,0 0,1,0,0 0,1,0,0 0,1,0,0 0,1,0,0 0,1,0,0 0,1,0,0 0,1,0,0 0,1,0,0 0,1,0,0 0,1,0,0 0,1,0,0 8,1,0,0 0,0,0,0 0,0,0,0 0,0,0,0 0,0,0,0 0,0,0,0 0,0,0,0 0,0,0,0 0,0,0,0 0,0,0,0 8,0,0,0
8,0,0,0 0,0,0,0 0,0,0,0 0,0,0,0 0,0,0,0 0,0,0,0 0,0,0,0 0,0,0,0 0,0,0,0 0,0,0,0 8,1,0,0 0,1,0,0 0,1,0,0 0,1,0,0 0,1,0,0 0,1,0,0 0,1,0,0 0,1,0,0 0,1,0,0 0,1,0,0 0,1,0,0 0,1,0,0 0,1,0,0 0,1,0,0 8,1,0,0 0,0,0,0 0,0,0,0 0,0,0,0 0,0,0,0 0,0,0,0 0,0,0,0 0,0,0,0 0,0,0,0 0,0,0,0 8,0,0,0
8,0,0,0 0,0,0,0 0,0,0,0 0,0,0,0 0,0,0,0 0,0,0,0 0,0,0,0 0,0,0,0 0,0,0,0 0,0,0,0 8,1,0,0 0,1,0,0 0,1,0,0 0,1,0,0 0,1,0,0 0,1,0,0 0,1,0,0 0,1,0,0 0,1,0,0 0,1,0,0 0,1,0,0 0,1,0,0 a,1,0,0 0,1,0,0 8,1,0,0 0,0,0,0 0,0,0,0 0,0,0,0 0,0,0,0 0,0,0,0 0,0,0,0 0,0,0,0 0,0,0,0 0,0,0,0 8,0,0,0
8,0,0,0 0,0,0,0 0,0,0,0 0,0,0,0 0,0,0,0 0,0,0,0 0,0,0,0 0,0,0,0 0,0,0,0 0,0,0,0 8,1,0,0 0,1,0,0 0,1,0,0 0,1,0,0 0,1,0,0 0,1,0,0 0,1,0,0 0,1,0,0 0,1,0,0 c,1,0,0 0,1,0,0 0,1,0,0 0,1,0,0 0,1,0,0 8,1,0,0 0,0,0,0 0,0,0,0 0,0,0,0 0,0,0,0 0,0,0,0 0,0,0,0 0,0,0,0 0,0,0,0 0,0,0,0 8,0,0,0
8,0,0,0 0,0,0,0 0,0,0,0 0,0,0,0 0,0,0,0 0,0,0,0 0,0,0,0 0,0,0,0 0,0,0,0 0,0,0,0 8,1,0,0 0,1,0,0 0,1,0,0 0,1,0,0 0,1,0,0 0,1,0,0 0,1,0,0 0,1,0,0 0,1,0,0 0,1,0,0 0,1,0,0 0,1,0,0 0,1,0,0 0,1,0,0 8,1,0,0 0,0,0,0 0,0,0,0 0,0,0,0 0,0,0,0 0,0,0,0 0,0,0,0 0,0,0,0 0,0,0,0 0,0,0,0 8,0,0,0
8,0,0,0 0,0,0,0 0,0,0,0 0,0,0,0 0,0,0,0 0,0,0,0 0,0,0,0 0,0,0,0 0,0,0,0 0,0,0,0 8,1,0,0 0,1,0,0 0,1,0,0 0,1,0,0 0,1,0,0 a,1,0,0 0,1,0,0 0,1,0,0 0,1,0,0 0,1,0,0 0,1,0,0 a,1,0,0 0,1,0,0 0,1,0,0 8,1,0,0 0,0,0,0 0,0,0,0 0,0,0,0 0,0,0,0 0,0,0,0 0,0,0,0 0,0,0,0 0,0,0,0 0,0,0,0 8,0,0,0
8,0,0,0 0,0,0,0 0,0,0,0 0,0,0,0 0,0,0,0 0,0,0,0 0,0,0,0 0,0,0,0 0,0,0,0 0,0,0,0 8,1,0,0 0,1,0,0 0,1,0,0 0,1,0,0 0,1,0,0 0,1,0,0 0,1,0,0 0,1,0,0 0,1,0,0 0,1,0,0 0,1,0,0 0,1,0,0 0,1,0,0 0,1,0,0 8,1,0,0 0,0,0,0 0,0,0,0 0,0,0,0 0,0,0,0 0,0,0,0 0,0,0,0 0,0,0,0 0,0,0,0 0,0,0,0 8,0,0,0
8,0,0,0 0,0,0,0 0,0,0,0 0,0,0,0 0,0,0,0 0,0,0,0 0,0,0,0 0,0,0,0 0,0,0,0 0,0,0,0 8,1,0,0 0,1,0,0 0,1,0,0 0,1,0,0 0,1,0,0 0,1,0,0 0,1,0,0 0,1,0,0 0,1,0,0 0,1,0,0 0,1,0,0 0,1,0,0 0,1,0,0 0,1,0,0 8,1,0,0 0,0,0,0 0,0,0,0 0,0,0,0 0,0,0,0 0,0,0,0 0,0,0,0 0,0,0,0 0,0,0,0 0,0,0,0 8,0,0,0
8,0,0,0 0,0,0,0 0,0,0,0 0,0,0,0 0,0,0,0 0,0,0,0 0,0,0,0 0,0,0,0 0,0,0,0 0,0,0,0 8,1,0,0 0,1,0,0 0,1,0,0 0,1,0,0 0,1,0,0 0,1,0,0 0,1,0,0 0,1,0,0 0,1,0,0 0,1,0,0 0,1,0,0 0,1,0,0 0,1,0,0 0,1,0,0 8,1,0,0 0,0,0,0 0,0,0,0 0,0,0,0 0,0,0,0 0,0,0,0 0,0,0,0 0,0,0,0 0,0,0,0 0,0,0,0 8,0,0,0
8,0,0,0 0,0,0,0 0,0,0,0 0,0,0,0 0,0,0,0 0,0,0,0 0,0,0,0 0,0,0,0 0,0,0,0 0,0,0,0 8,1,0,0 8,1,0,0 8,1,0,0 8,1,0,0 8,1,0,0 8,1,0,0 8,1,0,0 8,1,0,0 8,1,0,0 8,1,0,0 8,1,0,0 8,1,0,0 8,1,0,0 8,1,0,0 8,1,0,0 0,0,0,0 0,0,0,0 0,0,0,0 0,0,0,0 0,0,0,0 0,0,0,0 0,0,0,0 0,0,0,0 0,0,0,0 8,0,0,0
8,0,0,0 0,0,0,0 0,0,0,0 0,0,0,0 0,0,0,0 0,0,0,0 0,0,0,0 0,0,0,0 0,0,0,0 0,0,0,0 8,1,0,0 0,1,0,0 0,1,0,0 8,1,0,0 0,1,0,0 0,1,0,0 0,1,0,0 8,1,0,0 0,1,0,0 0,1,0,0 0,1,0,0 8,1,0,0 0,1,0,0 0,1,0,0 8,1,0,0 0,0,0,0 0,0,0,0 0,0,0,0 0,0,0,0 0,0,0,0 0,0,0,0 0,0,0,0 0,0,0,0 0,0,0,0 8,0,0,0
8,0,0,0 0,0,0,0 0,0,0,0 0,0,0,0 0,0,0,0 0,0,0,0 0,0,0,0 0,0,0,0 0,0,0,0 0,0,0,0 8,1,0,0 0,1,0,0 0,1,0,0 8,1,0,0 0,1,0,0 0,1,0,0 0,1,0,0 8,1,0,0 0,1,0,0 0,1,0,0 0,1,0,0 8,1,0,0 0,1,0,0 0,1,0,0 8,1,0,0 0,0,0,0 0,0,0,0 0,0,0,0 0,0,0,0 0,0,0,0 0,0,0,0 0,0,0,0 0,0,0,0 0,0,0,0 8,0,0,0
8,0,0,0 0,0,0,0 0,0,0,0 0,0,0,0 0,0,0,0 0,0,0,0 0,0,0,0 0,0,0,0 0,0,0,0 0,0,0,0 8,1,0,0 0,1,0,0 0,1,0,0 8,1,0,0 0,1,0,0 0,1,0,0 0,1,0,0 8,1,0,0 0,1,0,0 0,1,0,0 0,1,0,0 8,1,0,0 0,1,0,0 b,1,0,0 8,1,0,0 0,0,0,0 0,0,0,0 0,0,0,0 0,0,0,0 0,0,0,0 0,0,0,0 0,0,0,0 0,0,0,0 0,0,0,0 8,0,0,0
8,0,0,0 0,0,0,0 0,0,0,0 0,0,0,0 0,0,0,0 0,0,0,0 0,0,0,0 0,0,0,0 0,0,0,0 0,0,0,0 8,1,0,0 0,1,0,0 0,1,0,0 8,1,0,0 0,1,0,0 0,1,0,0 0,1,0,0 8,1,0,0 0,1,0,0 0,1,0,0 0,1,0,0 8,1,0,0 0,1,0,0 0,1,0,0 8,1,0,0 0,0,0,0 0,0,0,0 0,0,0,0 0,0,0,0 0,0,0,0 0,0,0,0 0,0,0,0 0,0,0,0 0,0,0,0 8,0,0,0
8,0,0,0 0,0,0,0 0,0,0,0 0,0,0,0 0,0,0,0 0,0,0,0 0,0,0,0 0,0,0,0 0,0,0,0 0,0,0,0 8,1,0,0 0,1,0,0 0,1,0,0 8,1,0,0 0,1,0,0 0,1,0,0 0,1,0,0 8,1,0,0 0,1,0,0 0,1,0,0 0,1,0,0 8,1,0,0 0,1,0,0 0,1,0,0 8,1,0,0 0,0,0,0 0,0,0,0 0,0,0,0 0,0,0,0 0,0,0,0 0,0,0,0 0,0,0,0 0,0,0,0 0,0,0,0 8,0,0,0
8,0,0,0 0,0,0,0 0,0,0,0 0,0,0,0 0,0,0,0 0,0,0,0 0,0,0,0 0,0,0,0 0,0,0,0 0,0,0,0 8,1,0,0 8,1,0,0 8,1,0,0 8,1,0,0 8,1,0,0 8,1,0,0 8,1,0,0 8,1,0,0 8,1,0,0 8,1,0,0 8,1,0,0 8,1,0,0 8,1,0,0 8,1,0,0 8,1,0,0 0,0,0,0 0,0,0,0 0,0,0,0 0,0,0,0 0,0,0,0 0,0,0,0 0,0,0,0 0,0,0,0 0,0,0,0 8,0,0,0
8,0,0,0 0,0,0,0 0,0,0,0 0,0,0,0 0,0,0,0 0,0,0,0 0,0,0,0 0,0,0,0 0,0,0,0 0,0,0,0 0,0,0,0 0,0,0,0 0,0,0,0 0,0,0,0 0,0,0,0 0,0,0,0 0,0,0,0 0,0,0,0 0,0,0,0 0,0,0,0 0,0,0,0 0,0,0,0 0,0,0,0 0,0,0,0 0,0,0,0 0,0,0,0 0,0,0,0 0,0,0,0 0,0,0,0 0,0,0,0 0,0,0,0 0,0,0,0 0,0,0,0 0,0,0,0 8,0,0,0
8,0,0,0 0,0,0,0 0,0,0,0 0,0,0,0 0,0,0,0 0,0,0,0 0,0,0,0 0,0,0,0 0,0,0,0 0,0,0,0 0,0,0,0 0,0,0,0 0,0,0,0 0,0,0,0 0,0,0,0 0,0,0,0 0,0,0,0 0,0,0,0 0,0,0,0 0,0,0,0 0,0,0,0 0,0,0,0 0,0,0,0 0,0,0,0 0,0,0,0 0,0,0,0 0,0,0,0 0,0,0,0 0,0,0,0 0,0,0,0 0,0,0,0 0,0,0,0 0,0,0,0 0,0,0,0 8,0,0,0
8,0,0,0 0,0,0,0 0,0,0,0 0,0,0,0 0,0,0,0 0,0,0,0 0,0,0,0 0,0,0,0 0,0,0,0 0,0,0,0 0,0,0,0 0,0,0,0 0,0,0,0 0,0,0,0 0,0,0,0 0,0,0,0 0,0,0,0 0,0,0,0 0,0,0,0 0,0,0,0 0,0,0,0 0,0,0,0 0,0,0,0 0,0,0,0 0,0,0,0 0,0,0,0 0,0,0,0 0,0,0,0 0,0,0,0 0,0,0,0 0,0,0,0 0,0,0,0 0,0,0,0 0,0,0,0 8,0,0,0
8,0,0,0 0,0,0,0 0,0,0,0 0,0,0,0 0,0,0,0 0,0,0,0 0,0,0,0 0,0,0,0 0,0,0,0 0,0,0,0 0,0,0,0 0,0,0,0 0,0,0,0 0,0,0,0 0,0,0,0 0,0,0,0 0,0,0,0 0,0,0,0 0,0,0,0 0,0,0,0 0,0,0,0 0,0,0,0 0,0,0,0 0,0,0,0 0,0,0,0 0,0,0,0 0,0,0,0 0,0,0,0 0,0,0,0 0,0,0,0 0,0,0,0 0,0,0,0 0,0,0,0 0,0,0,0 8,0,0,0
8,0,0,0 0,0,0,0 0,0,0,0 0,0,0,0 0,0,0,0 0,0,0,0 0,0,0,0 0,0,0,0 0,0,0,0 0,0,0,0 0,0,0,0 0,0,0,0 0,0,0,0 0,0,0,0 0,0,0,0 0,0,0,0 0,0,0,0 0,0,0,0 0,0,0,0 0,0,0,0 0,0,0,0 0,0,0,0 0,0,0,0 0,0,0,0 0,0,0,0 0,0,0,0 0,0,0,0 0,0,0,0 0,0,0,0 0,0,0,0 0,0,0,0 0,0,0,0 0,0,0,0 0,0,0,0 8,0,0,0
8,0,0,0 0,0,0,0 0,0,0,0 0,0,0,0 0,0,0,0 0,0,0,0 0,0,0,0 0,0,0,0 0,0,0,0 0,0,0,0 0,0,0,0 0,0,0,0 0,0,0,0 0,0,0,0 0,0,0,0 0,0,0,0 0,0,0,0 0,0,0,0 0,0,0,0 0,0,0,0 0,0,0,0 0,0,0,0 0,0,0,0 0,0,0,0 0,0,0,0 0,0,0,0 0,0,0,0 0,0,0,0 0,0,0,0 0,0,0,0 0,0,0,0 0,0,0,0 0,0,0,0 0,0,0,0 8,0,0,0
8,0,0,0 0,0,0,0 0,0,0,0 0,0,0,0 0,0,0,0 0,0,0,0 0,0,0,0 0,0,0,0 0,0,0,0 0,0,0,0 0,0,0,0 0,0,0,0 0,0,0,0 0,0,0,0 0,0,0,0 0,0,0,0 0,0,0,0 0,0,0,0 0,0,0,0 0,0,0,0 0,0,0,0 0,0,0,0 0,0,0,0 0,0,0,0 0,0,0,0 0,0,0,0 0,0,0,0 0,0,0,0 0,0,0,0 0,0,0,0 0,0,0,0 0,0,0,0 0,0,0,0 0,0,0,0 8,0,0,0
8,0,0,0 0,0,0,0 0,0,0,0 0,0,0,0 0,0,0,0 0,0,0,0 0,0,0,0 0,0,0,0 0,0,0,0 0,0,0,0 0,0,0,0 0,0,0,0 0,0,0,0 0,0,0,0 0,0,0,0 0,0,0,0 0,0,0,0 0,0,0,0 0,0,0,0 0,0,0,0 0,0,0,0 0,0,0,0 0,0,0,0 0,0,0,0 0,0,0,0 0,0,0,0 0,0,0,0 0,0,0,0 0,0,0,0 0,0,0,0 0,0,0,0 0,0,0,0 0,0,0,0 0,0,0,0 8,0,0,0
8,0,0,0 0,0,0,0 0,0,0,0 0,0,0,0 0,0,0,0 0,0,0,0 0,0,0,0 0,0,0,0 0,0,0,0 0,0,0,0 0,0,0,0 0,0,0,0 0,0,0,0 0,0,0,0 0,0,0,0 0,0,0,0 0,0,0,0 0,0,0,0 0,0,0,0 0,0,0,0 0,0,0,0 0,0,0,0 0,0,0,0 0,0,0,0 0,0,0,0 0,0,0,0 0,0,0,0 0,0,0,0 0,0,0,0 0,0,0,0 0,0,0,0 0,0,0,0 0,0,0,0 0,0,0,0 8,0,0,0
8,0,0,0 8,0,0,0 8,0,0,0 8,0,0,0 8,0,0,0 8,0,0,0 8,0,0,0 8,0,0,0 8,0,0,0 8,0,0,0 8,0,0,0 8,0,0,0 8,0,0,0 8,0,0,0 8,0,0,0 8,0,0,0 8,0,0,0 8,0,0,0 8,0,0,0 8,0,0,0 8,0,0,0 8,0,0,0 8,0,0,0 8,0,0,0 8,0,0,0 8,0,0,0 8,0,0,0 8,0,0,0 8,0,0,0 8,0,0,0 8,0,0,0 8,0,0,0 8,0,0,0 8,0,0,0 8,0,0,0
-
8,0,0,0 8,0,0,0 8,0,0,0 8,0,0,0 8,0,0,0 8,0,0,0 8,0,0,0 8,0,0,0 8,0,0,0 8,0,0,0 8,0,0,0 8,0,0,0 8,0,0,0 8,0,0,0 8,0,0,0 8,0,0,0 8,0,0,0 8,0,0,0 8,0,0,0 8,0,0,0 8,0,0,0 8,0,0,0 8,0,0,0 8,0,0,0 8,0,0,0 8,0,0,0 8,0,0,0 8,0,0,0 8,0,0,0 8,0,0,0 8,0,0,0 8,0,0,0 8,0,0,0 8,0,0,0 8,0,0,0
8,0,0,0 0,0,0,0 0,0,0,0 0,0,0,0 0,0,0,0 4,0,0,0 0,0,0,0 0,0,0,0 0,0,0,0 0,0,0,0 0,0,0,0 0,0,0,0 0,0,0,0 0,0,0,0 0,0,0,0 0,0,0,0 0,0,0,0 0,0,0,0 0,0,0,0 0,0,0,0 0,0,0,0 0,0,0,0 0,0,0,0 0,0,0,0 0,0,0,0 0,0,0,0 0,0,0,0 0,0,0,0 0,0,0,0 0,0,0,0 0,0,0,0 0,0,0,0 0,0,0,0 0,0,0,0 8,0,0,0
8,0,0,0 0,0,0,0 0,0,0,0 0,0,0,0 0,0,0,0 4,0,0,0 0,0,0,0 0,0,0,0 0,0,0,0 0,0,0,0 0,0,0,0 0,0,0,0 0,0,0,0 0,0,0,0 0,0,0,0 0,0,0,0 0,0,0,0 0,0,0,0 0,0,0,0 0,0,0,0 0,0,0,0 0,0,0,0 0,0,0,0 0,0,0,0 0,0,0,0 0,0,0,0 0,0,0,0 0,0,0,0 0,0,0,0 0,0,0,0 0,0,0,0 0,0,0,0 0,0,0,0 0,0,0,0 8,0,0,0
8,0,0,0 0,0,0,0 e,0,0,0 0,0,0,0 0,0,0,0 4,0,0,0 0,0,0,0 0,0,0,0 0,0,0,0 0,0,0,0 0,0,0,0 0,0,0,0 0,0,0,0 0,0,0,0 0,0,0,0 0,0,0,0 0,0,0,0 0,0,0,0 0,0,0,0 0,0,0,0 0,0,0,0 0,0,0,0 0,0,0,0 0,0,0,0 0,0,0,0 0,0,0,0 0,0,0,0 0,0,0,0 0,0,0,0 0,0,0,0 0,0,0,0 0,0,0,0 0,0,0,0 0,0,0,0 8,0,0,0
8,0,0,0 0,0,0,0 0,0,0,0 0,0,0,0 0,0,0,0 4,0,0,0 0,0,0,0 0,0,0,0 0,0,0,0 0,0,0,0 0,0,0,0 0,0,0,0 0,0,0,0 0,0,0,0 0,0,0,0 0,0,0,0 0,0,0,0 0,0,0,0 0,0,0,0 0,0,0,0 0,0,0,0 0,0,0,0 0,0,0,0 0,0,0,0 0,0,0,0 0,0,0,0 0,0,0,0 0,0,0,0 0,0,0,0 0,0,0,0 0,0,0,0 0,0,0,0 0,0,0,0 0,0,0,0 8,0,0,0
8,0,0,0 4,0,0,0 4,0,0,0 4,0,0,0 4,0,0,0 4,0,0,0 0,0,0,0 0,0,0,0 0,0,0,0 0,0,0,0 0,0,0,0 0,0,0,0 0,0,0,0 0,0,0,0 0,0,0,0 0,0,0,0 0,0,0,0 0,0,0,0 0,0,0,0 0,0,0,0 0,0,0,0 0,0,0,0 0,0,0,0 0,0,0,0 0,0,0,0 0,0,0,0 0,0,0,0 0,0,0,0 0,0,0,0 0,0,0,0 0,0,0,0 0,0,0,0 0,0,0,0 0,0,0,0 8,0,0,0
8,0,0,0 0,0,0,0 0,0,0,0 0,0,0,0 0,0,0,0 0,0,0,0 0,0,0,0 0,0,0,0 0,0,0,0 0,0,0,0 0,0,0,0 0,0,0,0 0,0,0,0 0,0,0,0 0,0,0,0 0,0,0,0 0,0,0,0 0,0,0,0 0,0,0,0 0,0,0,0 0,0,0,0 0,0,0,0 0,0,0,0 0,0,0,0 0,0,0,0 0,0,0,0 0,0,0,0 0,0,0,0 0,0,0,0 0,0,0,0 0,0,0,0 0,0,0,0 0,0,0,0 0,0,0,0 8,0,0,0
8,0,0,0 0,0,0,0 0,0,0,0 0,0,0,0 0,0,0,0 0,0,0,0 0,0,0,0 0,0,0,0 0,0,0,0 0,0,0,0 0,0,0,0 0,0,0,0 0,0,0,0 0,0,0,0 0,0,0,0 0,0,0,0 0,0,0,0 0,0,0,0 0,0,0,0 0,0,0,0 0,0,0,0 0,0,0,0 0,0,0,0 0,0,0,0 0,0,0,0 0,0,0,0 0,0,0,0 0,0,0,0 0,0,0,0 0,0,0,0 0,0,0,0 0,0,0,0 0,0,0,0 0,0,0,0 8,0,0,0
8,0,0,0 0,0,0,0 0,0,0,0 0,0,0,0 0,0,0,0 0,0,0,0 0,0,0,0 0,0,0,0 0,0,0,0 0,0,0,0 8,0,0,0 8,0,0,0 8,0,0,0 8,0,0,0 8,0,0,0 8,0,0,0 8,0,0,0 8,0,0,0 8,0,0,0 8,0,0,0 8,0,0,0 8,0,0,0 8,0,0,0 8,0,0,0 8,0,0,0 0,0,0,0 0,0,0,0 0,0,0,0 0,0,0,0 0,0,0,0 0,0,0,0 0,0,0,0 0,0,0,0 0,0,0,0 8,0,0,0
8,0,0,0 0,0,0,0 0,0,0,0 0,0,0,0 0,0,0,0 0,0,0,0 0,0,0,0 0,0,0,0 0,0,0,0 0,0,0,0 8,0,0,0 0,0,0,0 0,0,0,0 0,0,0,0 0,0,0,0 0,0,0,0 0,0,0,0 0,0,0,0 0,0,0,0 0,0,0,0 0,0,0,0 0,0,0,0 0,0,0,0 0,0,0,0 8,0,0,0 0,0,0,0 0,0,0,0 0,0,0,0 0,0,0,0 0,0,0,0 0,0,0,0 0,0,0,0 0,0,0,0 0,0,0,0 8,0,0,0
8,0,0,0 0,0,0,0 0,0,0,0 0,0,0,0 0,0,0,0 0,0,0,0 0,0,0,0 0,0,0,0 0,0,0,0 0,0,0,0 8,0,0,0 0,0,0,0 0,0,0,0 0,0,0,0 0,0,0,0 0,0,0,0 0,0,0,0 0,0,0,0 0,0,0,0 0,0,0,0 0,0,0,0 0,0,0,0 0,0,0,0 0,0,0,0 8,0,0,0 0,0,0,0 0,0,0,0 0,0,0,0 0,0,0,0 0,0,0,0 0,0,0,0 0,0,0,0 0,0,0,0 0,0,0,0 8,0,0,0
8,0,0,0 0,0,0,0 0,0,0,0 0,0,0,0 0,0,0,0 0,0,0,0 0,0,0,0 0,0,0,0 0,0,0,0 0,0,0,0 8,0,0,0 0,0,0,0 0,0,0,0 0,0,0,0 0,0,0,0 0,0,0,0 0,0,0,0 0,0,0,0 0,0,0,0 0,0,0,0 0,0,0,0 0,0,0,0 0,0,0,0 0,0,0,0 8,0,0,0 0,0,0,0 0,0,0,0 0,0,0,0 0,0,0,0 0,0,0,0 0,0,0,0 0,0,0,0 0,0,0,0 0,0,0,0 8,0,0,0
8,0,0,0 0,0,0,0 0,0,0,0 0,0,0,0 0,0,0,0 0,0,0,0 0,0,0,0 0,0,0,0 0,0,0,0 0,0,0,0 8,0,0,0 0,0,0,0 0,0,0,0 0,0,0,0 0,0,0,0 0,0,0,0 0,0,0,0 0,0,0,0 0,0,0,0 0,0,0,0 0,0,0,0 0,0,0,0 0,0,0,0 0,0,0,0 8,0,0,0 0,0,0,0 0,0,0,0 0,0,0,0 0,0,0,0 0,0,0,0 0,0,0,0 0,0,0,0 0,0,0,0 0,0,0,0 8,0,0,0
8,0,0,0 0,0,0,0 0,0,0,0 0,0,0,0 0,0,0,0 0,0,0,0 0,0,0,0 0,0,0,0 0,0,0,0 0,0,0,0 8,0,0,0 0,0,0,0 0,0,0,0 0,0,0,0 0,0,0,0 0,0,0,0 0,0,0,0 0,0,0,0 0,0,0,0 0,0,0,0 0,0,0,0 0,0,0,0 0,0,0,0 0,0,0,0 8,0,0,0 0,0,0,0 0,0,0,0 0,0,0,0 0,0,0,0 0,0,0,0 0,0,0,0 0,0,0,0 0,0,0,0 0,0,0,0 8,0,0,0
8,0,0,0 0,0,0,0 0,0,0,0 0,0,0,0 0,0,0,0 0,0,0,0 0,0,0,0 0,0,0,0 0,0,0,0 0,0,0,0 8,0,0,0 0,0,0,0 0,0,0,0 0,0,0,0 0,0,0,0 0,0,0,0 0,0,0,0 0,0,0,0 0,0,0,0 0,0,0,0 0,0,0,0 0,0,0,0 0,0,0,0 0,0,0,0 8,0,0,0 0,0,0,0 0,0,0,0 0,0,0,0 0,0,0,0 0,0,0,0 0,0,0,0 0,0,0,0 0,0,0,0 0,0,0,0 8,0,0,0
8,0,0,0 0,0,0,0 0,0,0,0 0,0,0,0 0,0,0,0 0,0,0,0 0,0,0,0 0,0,0,0 0,0,0,0 0,0,0,0 8,0,0,0 0,0,0,0 0,0,0,0 0,0,0,0 0,0,0,0 0,0,0,0 0,0,0,0 0,0,0,0 0,0,0,0 0,0,0,0 0,0,0,0 0,0,0,0 0,0,0,0 0,0,0,0 8,0,0,0 0,0,0,0 0,0,0,0 0,0,0,0 0,0,0,0 0,0,0,0 0,0,0,0 0,0,0,0 0,0,0,0 0,0,0,0 8,0,0,0
8,0,0,0 0,0,0,0 0,0,0,0 0,0,0,0 0,0,0,0 0,0,0,0 0,0,0,0 0,0,0,0 0,0,0,0 0,0,0,0 8,0,0,0 0,0,0,0 0,0,0,0 0,0,0,0 0,0,0,0 0,0,0,0 0,0,0,0 0,0,0,0 0,0,0,0 0,0,0,0 0,0,0,0 0,0,0,0 0,0,0,0 0,0,0,0 8,0,0,0 0,0,0,0 0,0,0,0 0,0,0,0 0,0,0,0 0,0,0,0 0,0,0,0 0,0,0,0 0,0,0,0 0,0,0,0 8,0,0,0
8,0,0,0 0,0,0,0 0,0,0,0 0,0,0,0 0,0,0,0 0,0,0,0 0,0,0,0 0,0,0,0 0,0,0,0 0,0,0,0 8,0,0,0 0,0,0,0 0,0,0,0 0,0,0,0 0,0,0,0 0,0,0,0 0,0,0,0 0,0,0,0 0,0,0,0 0,0,0,0 0,0,0,0 0,0,0,0 0,0,0,0 0,0,0,0 8,0,0,0 0,0,0,0 0,0,0,0 0,0,0,0 0,0,0,0 0,0,0,0 0,0,0,0 0,0,0,0 0,0,0,0 0,0,0,0 8,0,0,0
8,0,0,0 0,0,0,0 0,0,0,0 0,0,0,0 0,0,0,0 0,0,0,0 0,0,0,0 0,0,0,0 0,0,0,0 0,0,0,0 8,0,0,0 0,0,0,0 0,0,0,0 8,0,0,0 8,0,0,0 8,0,0,0 8,0,0,0 8,0,0,0 8,0,0,0 8,0,0,0 8,0,0,0 8,0,0,0 8,0,0,0 8,0,0,0 8,0,0,0 0,0,0,0 0,0,0,0 0,0,0,0 0,0,0,0 0,0,0,0 0,0,0,0 0,0,0,0 0,0,0,0 0,0,0,0 8,0,0,0
8,0,0,0 0,0,0,0 0,0,0,0 0,0,0,0 0,0,0,0 0,0,0,0 0,0,0,0 0,0,0,0 0,0,0,0 0,0,0,0 8,0,0,0 0,0,0,0 0,0,0,0 0,0,0,0 0,0,0,0 8,0,0,0 0,0,0,0 0,0,0,0 0,0,0,0 8,0,0,0 0,0,0,0 0,0,0,0 0,0,0,0 0,0,0,0 8,0,0,0 0,0,0,0 0,0,0,0 0,0,0,0 0,0,0,0 0,0,0,0 0,0,0,0 0,0,0,0 0,0,0,0 0,0,0,0 8,0,0,0
8,0,0,0 0,0,0,0 0,0,0,0 0,0,0,0 0,0,0,0 0,0,0,0 0,0,0,0 0,0,0,0 0,0,0,0 0,0,0,0 8,0,0,0 0,0,0,0 0,0,0,0 0,0,0,0 0,0,0,0 8,0,0,0 0,0,0,0 0,0,0,0 0,0,0,0 8,0,0,0 0,0,0,0 0,0,0,0 0,0,0,0 0,0,0,0 8,0,0,0 0,0,0,0 0,0,0,0 0,0,0,0 0,0,0,0 0,0,0,0 0,0,0,0 0,0,0,0 0,0,0,0 0,0,0,0 8,0,0,0
8,0,0,0 0,0,0,0 0,0,0,0 0,0,0,0 0,0,0,0 0,0,0,0 0,0,0,0 0,0,0,0 0,0,0,0 0,0,0,0 8,0,0,0 0,0,0,0 0,0,0,0 0,0,0,0 0,0,0,0 8,0,0,0 0,0,0,0 0,0,0,0 0,0,0,0 8,0,0,0 0,0,0,0 0,0,0,0 0,0,0,0 0,0,0,0 8,0,0,0 0,0,0,0 0,0,0,0 0,0,0,0 0,0,0,0 0,0,0,0 0,0,0,0 0,0,0,0 0,0,0,0 0,0,0,0 8,0,0,0
8,0,0,0 0,0,0,0 0,0,0,0 0,0,0,0 0,0,0,0 0,0,0,0 0,0,0,0 0,0,0,0 0,0,0,0 0,0,0,0 8,0,0,0 0,0,0,0 0,0,0,0 0,0,0,0 0,0,0,0 8,0,0,0 0,0,0,0 0,0,0,0 0,0,0,0 8,0,0,0 0,0,0,0 0,0,0,0 0,0,0,0 0,0,0,0 8,0,0,0 0,0,0,0 0,0,0,0 0,0,0,0 0,0,0,0 0,0,0,0 0,0,0,0 0,0,0,0 0,0,0,0 0,0,0,0 8,0,0,0
8,0,0,0 0,0,0,0 0,0,0,0 0,0,0,0 0,0,0,0 0,0,0,0 0,0,0,0 0,0,0,0 0,0,0,0 0,0,0,0 8,0,0,0 0,0,0,0 0,0,0,0 0,0,0,0 0,0,0,0 8,0,0,0 0,0,0,0 0,0,0,0 0,0,0,0 8,0,0,0 0,0,0,0 0,0,0,0 0,0,0,0 0,0,0,0 8,0,0,0 0,0,0,0 0,0,0,0 0,0,0,0 0,0,0,0 0,0,0,0 0,0,0,0 0,0,0,0 0,0,0,0 0,0,0,0 8,0,0,0
8,0,0,0 0,0,0,0 0,0,0,0 0,0,0,0 0,0,0,0 0,0,0,0 0,0,0,0 0,0,0,0 0,0,0,0 0,0,0,0 8,0,0,0 8,0,0,0 8,0,0,0 8,0,0,0 8,0,0,0 8,0,0,0 8,0,0,0 8,0,0,0 8,0,0,0 8,0,0,0 8,0,0,0 8,0,0,0 8,0,0,0 8,0,0,0 8,0,0,0 0,0,0,0 0,0,0,0 0,0,0,0 0,0,0,0 0,0,0,0 0,0,0,0 0,0,0,0 0,0,0,0 0,0,0,0 8,0,0,0
8,0,0,0 0,0,0,0 0,0,0,0 0,0,0,0 0,0,0,0 0,0,0,0 0,0,0,0 0,0,0,0 0,0,0,0 0,0,0,0 0,0,0,0 0,0,0,0 0,0,0,0 0,0,0,0 0,0,0,0 0,0,0,0 0,0,0,0 0,0,0,0 0,0,0,0 0,0,0,0 0,0,0,0 0,0,0,0 0,0,0,0 0,0,0,0 0,0,0,0 0,0,0,0 0,0,0,0 0,0,0,0 0,0,0,0 0,0,0,0 0,0,0,0 0,0,0,0 0,0,0,0 0,0,0,0 8,0,0,0
8,0,0,0 0,0,0,0 0,0,0,0 0,0,0,0 0,0,0,0 0,0,0,0 0,0,0,0 0,0,0,0 0,0,0,0 0,0,0,0 0,0,0,0 0,0,0,0 0,0,0,0 0,0,0,0 0,0,0,0 0,0,0,0 0,0,0,0 0,0,0,0 0,0,0,0 0,0,0,0 0,0,0,0 0,0,0,0 0,0,0,0 0,0,0,0 0,0,0,0 0,0,0,0 0,0,0,0 0,0,0,0 0,0,0,0 0,0,0,0 0,0,0,0 0,0,0,0 0,0,0,0 0,0,0,0 8,0,0,0
8,0,0,0 0,0,0,0 0,0,0,0 0,0,0,0 0,0,0,0 0,0,0,0 0,0,0,0 0,0,0,0 0,0,0,0 0,0,0,0 0,0,0,0 0,0,0,0 0,0,0,0 0,0,0,0 0,0,0,0 0,0,0,0 0,0,0,0 0,0,0,0 0,0,0,0 0,0,0,0 0,0,0,0 0,0,0,0 0,0,0,0 0,0,0,0 0,0,0,0 0,0,0,0 0,0,0,0 0,0,0,0 0,0,0,0 0,0,0,0 0,0,0,0 0,0,0,0 0,0,0,0 0,0,0,0 8,0,0,0
8,0,0,0 0,0,0,0 0,0,0,0 0,0,0,0 0,0,0,0 0,0,0,0 0,0,0,0 0,0,0,0 0,0,0,0 0,0,0,0 0,0,0,0 0,0,0,0 0,0,0,0 0,0,0,0 0,0,0,0 0,0,0,0 0,0,0,0 0,0,0,0 0,0,0,0 0,0,0,0 0,0,0,0 0,0,0,0 0,0,0,0 0,0,0,0 0,0,0,0 0,0,0,0 0,0,0,0 0,0,0,0 0,0,0,0 0,0,0,0 0,0,0,0 0,0,0,0 0,0,0,0 0,0,0,0 8,0,0,0
8,0,0,0 0,0,0,0 0,0,0,0 0,0,0,0 0,0,0,0 0,0,0,0 0,0,0,0 0,0,0,0 0,0,0,0 0,0,0,0 0,0,0,0 0,0,0,0 0,0,0,0 0,0,0,0 0,0,0,0 0,0,0,0 0,0,0,0 0,0,0,0 0,0,0,0 0,0,0,0 0,0,0,0 0,0,0,0 0,0,0,0 0,0,0,0 0,0,0,0 0,0,0,0 0,0,0,0 0,0,0,0 0,0,0,0 0,0,0,0 0,0,0,0 0,0,0,0 0,0,0,0 0,0,0,0 8,0,0,0
8,0,0,0 0,0,0,0 0,0,0,0 0,0,0,0 0,0,0,0 0,0,0,0 0,0,0,0 0,0,0,0 0,0,0,0 0,0,0,0 0,0,0,0 0,0,0,0 0,0,0,0 0,0,0,0 0,0,0,0 0,0,0,0 0,0,0,0 0,0,0,0 0,0,0,0 0,0,0,0 0,0,0,0 0,0,0,0 0,0,0,0 0,0,0,0 0,0,0,0 0,0,0,0 0,0,0,0 0,0,0,0 0,0,0,0 0,0,0,0 0,0,0,0 0,0,0,0 0,0,0,0 0,0,0,0 8,0,0,0
8,0,0,0 0,0,0,0 0,0,0,0 0,0,0,0 0,0,0,0 0,0,0,0 0,0,0,0 0,0,0,0 0,0,0,0 0,0,0,0 0,0,0,0 0,0,0,0 0,0,0,0 0,0,0,0 0,0,0,0 0,0,0,0 0,0,0,0 0,0,0,0 0,0,0,0 0,0,0,0 0,0,0,0 0,0,0,0 0,0,0,0 0,0,0,0 0,0,0,0 0,0,0,0 0,0,0,0 0,0,0,0 0,0,0,0 0,0,0,0 0,0,0,0 0,0,0,0 0,0,0,0 0,0,0,0 8,0,0,0
8,0,0,0 0,0,0,0 0,0,0,0 0,0,0,0 0,0,0,0 0,0,0,0 0,0,0,0 0,0,0,0 0,0,0,0 0,0,0,0 0,0,0,0 0,0,0,0 0,0,0,0 0,0,0,0 0,0,0,0 0,0,0,0 0,0,0,0 0,0,0,0 0,0,0,0 0,0,0,0 0,0,0,0 0,0,0,0 0,0,0,0 0,0,0,0 0,0,0,0 0,0,0,0 0,0,0,0 0,0,0,0 0,0,0,0 0,0,0,0 0,0,0,0 0,0,0,0 0,0,0,0 0,0,0,0 8,0,0,0
8,0,0,0 0,0,0,0 0,0,0,0 0,0,0,0 0,0,0,0 0,0,0,0 0,0,0,0 0,0,0,0 0,0,0,0 0,0,0,0 0,0,0,0 0,0,0,0 0,0,0,0 0,0,0,0 0,0,0,0 0,0,0,0 0,0,0,0 0,0,0,0 0,0,0,0 0,0,0,0 0,0,0,0 0,0,0,0 0,0,0,0 0,0,0,0 0,0,0,0 0,0,0,0 0,0,0,0 0,0,0,0 0,0,0,0 0,0,0,0 0,0,0,0 0,0,0,0 0,0,0,0 0,0,0,0 8,0,0,0
8,0,0,0 8,0,0,0 8,0,0,0 8,0,0,0 8,0,0,0 8,0,0,0 8,0,0,0 8,0,0,0 8,0,0,0 8,0,0,0 8,0,0,0 8,0,0,0 8,0,0,0 8,0,0,0 8,0,0,0 8,0,0,0 8,0,0,0 8,0,0,0 8,0,0,0 8,0,0,0 8,0,0,0 8,0,0,0 8,0,0,0 8,0,0,0 8,0,0,0 8,0,0,0 8,0,0,0 8,0,0,0 8,0,0,0 8,0,0,0 8,0,0,0 8,0,0,0 8,0,0,0 8,0,0,0 8,0,0,0
