0,0,0,0 0,0,0,0 0,0,1,0 0,0,0,0 0,0,0,0 3,0,0,0 0,0,0,0 0,0,0,0 0,0,0,0 0,0,0,0
0,0,0,0 0,0,0,0 0,0,1,0 1,0,0,0 3,0,0,1 3,0,0,0 0,0,0,0 0,0,0,0 0,0,0,0 0,0,0,0
0,0,0,0 0,1,0,0 3,0,1,0 1,0,1,0 3,0,0,1 1,1,0,0 0,0,0,0 0,0,0,0 0,0,0,0 0,0,0,0
0,0,0,0 0,1,0,0 0,1,1,0 1,1,1,1 z,0,0,0 1,0,0,0 1,1,1,0 0,1,0,0 0,0,0,0 0,0,0,0
1,0,0,0 0,0,0,0 0,1,0,0 z,0,0,1 z,4,0,1 1,0,0,0 0,1,1,0 0,1,0,0 0,1,0,0 0,0,0,0
1,0,0,0 1,0,0,0 1,1,0,0 z,0,0,0 3,4,0,1 3,0,0,1 1,0,1,0 3,0,0,0 3,1,0,0 3,0,0,0
0,0,0,0 0,0,0,0 0,1,0,1 0,1,1,0 1,1,1,1 0,1,1,0 1,1,0,0 0,0,0,0 3,0,0,0 0,0,0,0
0,0,0,1 0,0,0,0 0,0,0,0 0,0,0,0 0,1,0,0 0,0,1,0 1,0,0,0 0,0,1,0 0,0,0,0 0,0,0,0
0,0,0,1 0,0,0,0 0,0,0,0 0,0,0,0 0,1,0,0 0,0,1,0 1,0,0,0 0,0,1,0 0,0,0,0 0,0,0,0
0,0,0,1 0,0,0,0 0,0,0,0 0,0,0,0 0,1,0,0 0,0,1,0 1,0,0,0 0,0,1,0 0,0,0,0 0,0,0,0
0,0,0,0 0,0,0,0 0,0,0,0 0,0,0,0 0,0,0,0 0,0,1,0 0,0,1,0 0,0,1,0 0,0,0,0 0,0,0,0
-
0,0,0,0 0,0,0,0 0,0,0,0 0,0,0,0 0,0,0,0 0,0,0,0 0,0,0,0 0,0,0,0 0,0,0,0 0,0,0,0
0,0,0,0 0,0,0,0 0,0,0,0 0,0,0,0 0,0,0,0 0,0,0,0 0,0,0,0 0,0,0,0 0,0,0,0 0,0,0,0
0,0,0,0 0,0,0,0 0,0,0,0 0,0,0,0 0,0,0,0 0,0,0,0 1,0,0,0 1,0,0,0 1,0,0,0 0,0,0,0
0,0,0,0 0,0,0,0 0,0,0,0 0,1,1,0 0,1,1,0 0,0,1,0 1,0,0,0 0,0,0,0 1,0,0,0 0,0,0,0
0,0,0,0 0,0,0,0 1,0,1,0 1,1,1,0 0,1,1,0 1,0,1,0 1,0,0,0 0,0,0,0 1,0,0,0 0,0,0,0
0,0,0,0 0,0,0,0 1,1,1,0 1,0,0,0 1,0,0,0 0,0,0,0 1,0,0,1 0,0,0,1 0,0,0,1 0,0,0,1
0,0,0,0 0,1,0,0 0,0,0,0 0,0,0,0 0,0,0,0 0,0,0,0 0,0,0,0 0,0,0,0 0,0,0,0 0,0,0,1
0,0,0,0 0,0,0,0 0,0,0,0 0,0,0,0 0,0,0,0 0,0,0,0 0,0,0,0 0,0,0,0 0,0,0,0 0,0,0,0
z,0,0,0 0,1,0,0 0,0,0,0 0,0,0,0 0,0,0,0 0,0,0,0 0,0,0,0 0,0,0,0 0,0,0,0 0,0,0,0
0,0,0,0 0,0,0,0 0,0,0,0 z,0,0,0 0,0,0,0 0,0,0,0 0,0,0,0 0,0,0,0 0,0,0,0 0,0,0,0
-
0,0,0,0 0,0,0,0 0,0,0,0 0,0,0,0 0,0,0,0 0,0,0,0 0,0,0,0 0,0,0,0 0,0,0,0 0,0,0,0
0,0,0,0 0,0,0,0 0,0,0,0 0,0,0,0 0,0,0,1 0,0,0,0 0,0,0,0 0,0,0,0 0,0,0,0 0,0,0,0
0,0,0,0 0,0,0,0 1,0,0,0 0,0,1,1 0,0,1,1 0,0,1,0 0,0,0,0 0,1,0,0 0,0,0,0 0,0,0,0
0,0,0,0 1,0,0,0 1,0,1,1 1,0,1,1 0,1,0,0 0,1,1,0 0,1,1,0 0,1,0,0 0,0,0,0 0,0,0,0
0,0,0,0 0,0,0,0 1,0,0,0 1,0,1,1 0,1,1,0 0,0,1,0 0,0,0,0 0,0,0,0 0,0,0,0 0,0,0,0
0,0,0,0 0,0,0,1 1,0,0,1 1,0,0,0 1,1,0,0 0,1,0,0 0,0,0,0 0,0,0,0 0,0,0,0 0,0,0,0
0,0,0,1 0,0,0,0 0,0,0,0 0,0,0,0 1,0,0,0 0,1,0,0 0,0,0,0 0,0,0,0 0,0,0,0 0,0,0,0
0,0,0,0 0,0,0,0 0,0,0,0 0,0,0,0 0,0,0,0 0,0,0,0 0,0,0,0 0,0,0,0 0,0,0,0 0,0,0,0
0,0,0,0 0,0,0,0 0,0,0,0 0,0,0,0 0,0,0,0 0,0,0,0 0,0,0,0 0,0,0,0 0,0,0,0 z,0,0,0
0,0,0,0 0,0,0,0 0,0,0,0 0,0,0,0 0,0,0,0 0,0,0,0 0,0,0,0 0,0,0,0 0,0,0,0 z,0,0,0
-
0,0,0,0 0,0,0,0 0,0,0,0 0,0,0,0 0,0,0,0 0,0,0,0 0,0,0,0 0,0,0,0 0,0,0,0 0,0,0,0
z,0,0,0 z,0,0,0 z,0,0,0 z,0,0,0 0,0,0,0 z,0,0,0 z,0,0,0 0,0,0,0 0,0,0,0 0,0,0,0
0,0,0,0 z,0,0,0 z,0,0,0 0,0,0,0 0,0,0,0 z,0,0,0 1,0,0,0 1,0,0,0 1,0,0,0 1,0,0,0
0,0,0,0 0,0,0,0 z,1,0,0 0,0,1,0 z,1,0,0 z,0,0,0 z,0,0,0 0,0,0,0 0,0,0,0 1,0,0,0
0,0,0,0 0,1,0,0 0,0,1,0 0,0,1,0 z,0,1,1 0,0,0,0 0,0,0,0 0,0,0,0 0,0,0,0 0,0,0,0
0,0,0,0 0,1,0,0 0,1,0,0 0,0,1,1 0,0,0,1 0,0,0,0 1,1,0,0 0,0,0,0 0,0,0,0 0,0,0,0
0,0,0,0 0,0,0,0 0,1,0,0 0,1,0,1 0,1,0,1 0,1,0,0 0,0,0,0 0,0,0,0 0,0,0,0 0,0,0,0
0,0,0,0 0,0,0,0 0,0,0,0 0,1,0,1 0,1,0,1 0,0,0,0 0,0,0,0 0,0,0,0 0,0,0,0 0,0,0,0
0,0,0,0 0,0,0,0 0,0,0,0 0,0,0,0 0,0,0,0 0,0,0,0 0,0,0,0 0,0,0,0 0,0,0,0 0,0,0,0
0,0,0,0 0,0,0,0 0,0,0,0 0,0,0,0 0,0,0,0 0,0,0,0 0,0,0,0 0,0,0,0 0,0,0,0 0,0,0,0
-
0,0,0,0 0,0,0,0 0,0,0,0 0,0,0,0 0,0,0,0 0,0,0,0 0,0,0,0 0,0,0,0 0,0,0,0 0,0,0,0
0,0,0,0 0,0,0,0 0,0,0,0 0,0,0,0 0,0,0,0 0,0,0,0 0,0,0,0 0,0,0,0 0,0,0,0 0,0,0,0
0,0,0,0 0,0,0,0 0,0,0,0 0,0,0,0 0,0,0,1 0,0,0,1 0,0,0,0 0,0,0,0 0,0,0,0 0,0,0,0
0,0,0,0 0,0,0,0 0,0,0,0 z,0,0,1 1,1,0,1 0,1,0,1 0,0,0,0 0,0,0,0 0,0,0,0 0,0,0,0
0,0,0,0 0,0,0,0 z,0,0,0 1,0,0,1 0,1,0,1 z,0,0,1 z,0,0,0 0,0,0,0 0,0,0,0 0,0,0,0
0,0,0,0 z,0,0,0 1,0,0,0 1,0,0,1 0,0,0,0 0,0,0,0 z,0,0,0 z,0,0,0 0,0,0,0 0,0,0,0
0,0,0,0 1,0,0,0 z,0,0,0 0,0,0,0 z,0,0,0 z,0,0,0 0,0,0,0 0,0,0,0 0,0,0,0 0,0,0,0
0,0,0,0 0,0,0,0 0,0,0,0 0,0,0,0 0,0,0,0 0,0,0,0 0,0,0,0 0,0,0,0 0,0,0,0 0,0,0,0
0,0,0,0 0,0,0,0 0,0,0,0 0,0,0,0 0,0,0,0 0,0,0,0 0,0,0,0 0,0,0,0 0,0,0,0 0,0,0,0
0,0,0,0 0,0,0,0 0,0,0,0 0,0,0,0 0,0,0,0 0,0,0,0 0,0,0,0 0,0,0,0 0,0,0,0 0,0,0,0
